       0  10.0062 -10.4051  6.93672
       0  10.0062 -10.4328  6.93672
       0  10.0062 -10.4606  6.93672
       0  10.0062 -10.4883  6.93672
       0  10.0062 -10.5161  6.93672
       0  10.0062 -10.5438  6.93672
       0  10.0062 -10.5716  6.93672
       0  10.0062 -10.5993  6.93672
       0  10.0062 -10.6271  6.93672
       0  10.0062 -10.6548  6.93672
       0  10.0062 -10.6825  6.93672
       0  10.0062 -10.7103  6.93672
      0 10.0062 -10.738 6.93672
       0  10.0062 -10.7658  6.93672
       0  10.0062 -10.7935  6.93672
       0  10.0062 -10.8213  6.93672
      0 10.0062 -10.849 6.93672
       0  10.0062 -10.8768  6.93672
       0  10.0062 -10.9045  6.93672
       0  10.0062 -10.9323  6.93672
      0 10.0062  -10.96 6.93672
       0  10.0062 -10.9878  6.93672
       0  10.0062 -11.0155  6.93672
       0  10.0062 -11.0433  6.93672
      0 10.0062 -11.071 6.93672
       0  10.0062 -11.0987  6.93672
       0  10.0062 -11.1265  6.93672
       0  10.0062 -11.1542  6.93672
      0 10.0062 -11.182 6.93672
       0  10.0062 -11.2097  6.93672
       0  10.0062 -11.2375  6.93672
       0  10.0062 -11.2652  6.93672
      0 10.0062 -11.293 6.93672
       0  10.0062 -11.3207  6.93672
       0  10.0062 -11.3485  6.93672
       0  10.0062 -11.3762  6.93672
      0 10.0062 -11.404 6.93672
       0  10.0062 -11.4317  6.93672
       0  10.0062 -11.4595  6.93672
       0  10.0062 -11.4872  6.93672
      0 10.0062 -11.515 6.93672
       0  10.0062 -11.5427  6.93672
       0  10.0062 -11.5704  6.93672
       0  10.0062 -11.5982  6.93672
       0  10.0062 -11.6259  6.93672
       0  10.0062 -11.6537  6.93672
       0  10.0062 -11.6814  6.93672
       0  10.0062 -11.7092  6.93672
       0  10.0062 -11.7369  6.93672
       0  10.0062 -11.7647  6.93672
       0  10.0062 -11.7924  6.93672
       0  10.0062 -11.8202  6.93672
       0  10.0062 -11.8479  6.93672
       0  10.0062 -11.8757  6.93672
       0  10.0062 -11.9034  6.93672
       0  10.0062 -11.9312  6.93672
       0  10.0062 -11.9589  6.93672
       0  10.0062 -11.9866  6.93672
       0  10.0062 -12.0144  6.93672
       0  10.0062 -12.0421  6.93672
       0  10.0062 -12.0699  6.93672
       0  10.0062 -12.0976  6.93672
       0  10.0062 -12.1254  6.93672
       0  10.0062 -12.1531  6.93672
       0  10.0062 -12.1809  6.93672
       0  10.0062 -12.2086  6.93672
       0  10.0062 -12.2364  6.93672
       0  10.0062 -12.2641  6.93672
       0  10.0062 -12.2919  6.93672
       0  10.0062 -12.3196  6.93672
       0  10.0062 -12.3474  6.93672
       0  10.0062 -12.3751  6.93672
       0  10.0062 -12.4029  6.93672
       0  10.0062 -12.4306  6.93672
       0  10.0062 -12.4583  6.93672
       0  10.0062 -12.4861  6.93672
       0  10.0062 -12.5138  6.93672
       0  10.0062 -12.5416  6.93672
       0  10.0062 -12.5693  6.93672
       0  10.0062 -12.5971  6.93672
       0  10.0062 -12.6248  6.93672
       0  10.0062 -12.6526  6.93672
       0  10.0062 -12.6803  6.93672
       0  10.0062 -12.7081  6.93672
       0  10.0062 -12.7358  6.93672
       0  10.0062 -12.7636  6.93672
       0  10.0062 -12.7913  6.93672
       0  10.0062 -12.8191  6.93672
       0  10.0062 -12.8468  6.93672
       0  10.0062 -12.8745  6.93672
       0  10.0062 -12.9023  6.93672
      0 10.0062  -12.93 6.93672
       0  10.0062 -12.9578  6.93672
       0  10.0062 -12.9855  6.93672
       0  10.0062 -13.0133  6.93672
      0 10.0062 -13.041 6.93672
       0  10.0062 -13.0688  6.93672
       0  10.0062 -13.0965  6.93672
       0  10.0062 -13.1243  6.93672
      0 10.0062 -13.152 6.93672
       0  10.0062 -13.1798  6.93672
       0  10.0062 -13.2075  6.93672
       0  10.0062 -13.2353  6.93672
      0 10.0062 -13.263 6.93672
       0  10.0062 -13.2908  6.93672
       0  10.0062 -13.3185  6.93672
       0  10.0062 -13.3462  6.93672
      0 10.0062 -13.374 6.93672
       0  10.0062 -13.4017  6.93672
       0  10.0062 -13.4295  6.93672
       0  10.0062 -13.4572  6.93672
      0 10.0062 -13.485 6.93672
       0  10.0062 -13.5127  6.93672
       0  10.0062 -13.5405  6.93672
       0  10.0062 -13.5682  6.93672
      0 10.0062 -13.596 6.93672
       0  10.0062 -13.6237  6.93672
       0  10.0062 -13.6515  6.93672
       0  10.0062 -13.6792  6.93672
      0 10.0062 -13.707 6.93672
       0  10.0062 -13.7347  6.93672
       0  10.0062 -13.7624  6.93672
       0  10.0062 -13.7902  6.93672
       0  10.0062 -13.8179  6.93672
       0  10.0062 -13.8457  6.93672
       0  10.0062 -13.8734  6.93672
       0  10.0062 -13.9012  6.93672
       0  10.0062 -13.9289  6.93672
       0  10.0062 -13.9567  6.93672
       0  10.0062 -13.9844  6.93672
       0  10.0062 -14.0122  6.93672
       0  10.0062 -14.0399  6.93672
       0  10.0062 -14.0677  6.93672
       0  10.0062 -14.0954  6.93672
       0  10.0062 -14.1232  6.93672
       0  10.0062 -14.1509  6.93672
       0  10.0062 -14.1787  6.93672
       0  10.0062 -14.2064  6.93672
       0  10.0062 -14.2341  6.93672
       0  10.0062 -14.2619  6.93672
       0  10.0062 -14.2896  6.93672
       0  10.0062 -14.3174  6.93672
       0  10.0062 -14.3451  6.93672
       0  10.0062 -14.3729  6.93672
       0  10.0062 -14.4006  6.93672
       0  10.0062 -14.4284  6.93672
       0  10.0062 -14.4561  6.93672
       0  10.0062 -14.4839  6.93672
       0  10.0062 -14.5116  6.93672
       0  10.0062 -14.5394  6.93672
       0  10.0062 -14.5671  6.93672
       0  10.0062 -14.5949  6.93672
       0  10.0062 -14.6226  6.93672
       0  10.0062 -14.6503  6.93672
       0  10.0062 -14.6781  6.93672
       0  10.0062 -14.7058  6.93672
       0  10.0062 -14.7336  6.93672
       0  10.0062 -14.7613  6.93672
       0  10.0062 -14.7891  6.93672
       0  10.0062 -14.8168  6.93672
       0  10.0062 -14.8446  6.93672
       0  10.0062 -14.8723  6.93672
       0  10.0062 -14.9001  6.93672
       0  10.0062 -14.9278  6.93672
       0  10.0062 -14.9556  6.93672
       0  10.0062 -14.9833  6.93672
       0  10.0062 -15.0111  6.93672
       0  10.0062 -15.0388  6.93672
       0  10.0062 -15.0666  6.93672
       0  10.0062 -15.0943  6.93672
      0 10.0062 -15.122 6.93672
       0  10.0062 -15.1498  6.93672
       0  10.0062 -15.1775  6.93672
       0  10.0062 -15.2053  6.93672
      0 10.0062 -15.233 6.93672
       0  10.0062 -15.2608  6.93672
       0  10.0062 -15.2885  6.93672
       0  10.0062 -15.3163  6.93672
      0 10.0062 -15.344 6.93672
       0  10.0062 -15.3718  6.93672
       0  10.0062 -15.3995  6.93672
       0  10.0062 -15.4273  6.93672
      0 10.0062 -15.455 6.93672
       0  10.0062 -15.4828  6.93672
       0  10.0062 -15.5105  6.93672
       0  10.0062 -15.5382  6.93672
      0 10.0062 -15.566 6.93672
       0  10.0062 -15.5937  6.93672
       0  10.0062 -15.6215  6.93672
       0  10.0062 -15.6492  6.93672
      0 10.0062 -15.677 6.93672
       0  10.0062 -15.7047  6.93672
       0  10.0062 -15.7325  6.93672
       0  10.0062 -15.7602  6.93672
      0 10.0062 -15.788 6.93672
       0  10.0062 -15.8157  6.93672
       0  10.0062 -15.8435  6.93672
       0  10.0062 -15.8712  6.93672
      0 10.0062 -15.899 6.93672
       0  10.0062 -15.9267  6.93672
       0  10.0062 -15.9545  6.93672
       0  10.0062 -15.9822  6.93672
       0  10.0062 -16.0099  6.93672
       0  10.0062 -16.0377  6.93672
       0  10.0062 -16.0654  6.93672
       0  10.0062 -16.0932  6.93672
       0  10.0062 -16.1209  6.93672
       0  10.0062 -16.1487  6.93672
       0  10.0062 -16.1764  6.93672
       0  10.0062 -16.2042  6.93672
       0  10.0062 -16.2319  6.93672
       0  10.0062 -16.2597  6.93672
       0  10.0062 -16.2874  6.93672
       0  10.0062 -16.3152  6.93672
       0  10.0062 -16.3429  6.93672
       0  10.0062 -16.3707  6.93672
       0  10.0062 -16.3984  6.93672
       0  10.0062 -16.4261  6.93672
       0  10.0062 -16.4539  6.93672
       0  10.0062 -16.4816  6.93672
       0  10.0062 -16.5094  6.93672
       0  10.0062 -16.5371  6.93672
       0  10.0062 -16.5649  6.93672
       0  10.0062 -16.5926  6.93672
       0  10.0062 -16.6204  6.93672
       0  10.0062 -16.6481  6.93672
       0  10.0062 -16.6759  6.93672
       0  10.0062 -16.7036  6.93672
       0  10.0062 -16.7314  6.93672
       0  10.0062 -16.7591  6.93672
       0  10.0062 -16.7869  6.93672
       0  10.0062 -16.8146  6.93672
       0  10.0062 -16.8424  6.93672
       0  10.0062 -16.8701  6.93672
       0  10.0062 -16.8978  6.93672
       0  10.0062 -16.9256  6.93672
       0  10.0062 -16.9533  6.93672
       0  10.0062 -16.9811  6.93672
       0  10.0062 -17.0088  6.93672
       0  10.0062 -17.0366  6.93672
       0  10.0062 -17.0643  6.93672
       0  10.0062 -17.0921  6.93672
       0  10.0062 -17.1198  6.93672
       0  10.0062 -17.1476  6.93672
       0  10.0062 -17.1753  6.93672
       0  10.0062 -17.2031  6.93672
       0  10.0062 -17.2308  6.93672
       0  10.0062 -17.2586  6.93672
       0  10.0062 -17.2863  6.93672
      0 10.0062 -17.314 6.93672
       0  10.0062 -17.3418  6.93672
