     0 9.9081 14.715
      0  9.9081 14.7138
      0  9.9081 14.7104
      0  9.9081 14.7045
      0  9.9081 14.6964
     0 9.9081 14.686
      0  9.9081 14.6732
      0  9.9081 14.6581
      0  9.9081 14.6407
     0 9.9081 14.621
     0 9.9081 14.599
      0  9.9081 14.5746
     0 9.9081 14.548
      0  9.9081 14.5191
      0  9.9081 14.4879
      0  9.9081 14.4544
      0  9.9081 14.4186
      0  9.9081 14.3805
      0  9.9081 14.3402
      0  9.9081 14.2976
      0  9.9081 14.2527
      0  9.9081 14.2056
      0  9.9081 14.1562
      0  9.9081 14.1046
      0  9.9081 14.0508
      0  9.9081 13.9948
      0  9.9081 13.9366
      0  9.9081 13.8761
      0  9.9081 13.8135
      0  9.9081 13.7487
      0  9.9081 13.6817
      0  9.9081 13.6125
      0  9.9081 13.5412
      0  9.9081 13.4678
      0  9.9081 13.3922
      0  9.9081 13.3145
      0  9.9081 13.2347
      0  9.9081 13.1529
      0  9.9081 13.0689
      0  9.9081 12.9829
      0  9.9081 12.8949
      0  9.9081 12.8048
      0  9.9081 12.7126
      0  9.9081 12.6185
      0  9.9081 12.5224
      0  9.9081 12.4243
      0  9.9081 12.3242
      0  9.9081 12.2222
      0  9.9081 12.1183
      0  9.9081 12.0124
      0  9.9081 11.9047
      0  9.9081 11.7951
      0  9.9081 11.6836
      0  9.9081 11.5702
      0  9.9081 11.4551
      0  9.9081 11.3381
      0  9.9081 11.2193
      0  9.9081 11.0988
      0  9.9081 10.9765
      0  9.9081 10.8525
      0  9.9081 10.7268
      0  9.9081 10.5993
      0  9.9081 10.4702
      0  9.9081 10.3395
      0  9.9081 10.2071
      0  9.9081 10.0731
      0  9.9081 9.93752
      0  9.9081 9.80036
      0  9.9081 9.66166
      0  9.9081 9.52143
      0  9.9081 9.37969
      0  9.9081 9.23648
     0 9.9081 9.0918
      0  9.9081 8.94569
      0  9.9081 8.79817
      0  9.9081 8.64926
      0  9.9081 8.49898
      0  9.9081 8.34736
      0  9.9081 8.19442
      0  9.9081 8.04019
      0  9.9081 7.88469
      0  9.9081 7.72794
      0  9.9081 7.56998
      0  9.9081 7.41082
      0  9.9081 7.25048
      0  9.9081 7.08901
      0  9.9081 6.92641
      0  9.9081 6.76272
      0  9.9081 6.59796
      0  9.9081 6.43216
      0  9.9081 6.26534
      0  9.9081 6.09754
      0  9.9081 5.92877
      0  9.9081 5.75906
      0  9.9081 5.58845
      0  9.9081 5.41695
     0 9.9081 5.2446
      0  9.9081 5.07142
      0  9.9081 4.89744
      0  9.9081 4.72269
      0  9.9081 4.54719
      0  9.9081 4.37097
      0  9.9081 4.19406
      0  9.9081 4.01649
      0  9.9081 3.83828
      0  9.9081 3.65947
      0  9.9081 3.48008
      0  9.9081 3.30014
      0  9.9081 3.11968
      0  9.9081 2.93873
      0  9.9081 2.75732
      0  9.9081 2.57546
      0  9.9081 2.39321
      0  9.9081 2.21057
      0  9.9081 2.02758
      0  9.9081 1.84428
      0  9.9081 1.66068
      0  9.9081 1.47682
      0  9.9081 1.29273
      0  9.9081 1.10843
       0   9.9081 0.923962
       0   9.9081 0.739345
       0   9.9081 0.554611
       0   9.9081 0.369789
       0   9.9081 0.184909
           0       9.9081 -6.58072e-14
        0    9.9081 -0.184909
        0    9.9081 -0.369789
        0    9.9081 -0.554611
        0    9.9081 -0.739345
        0    9.9081 -0.923962
       0   9.9081 -1.10843
       0   9.9081 -1.29273
       0   9.9081 -1.47682
       0   9.9081 -1.66068
       0   9.9081 -1.84428
       0   9.9081 -2.02758
       0   9.9081 -2.21057
       0   9.9081 -2.39321
       0   9.9081 -2.57546
       0   9.9081 -2.75732
       0   9.9081 -2.93873
       0   9.9081 -3.11968
       0   9.9081 -3.30014
       0   9.9081 -3.48008
       0   9.9081 -3.65947
       0   9.9081 -3.83828
       0   9.9081 -4.01649
       0   9.9081 -4.19406
       0   9.9081 -4.37097
       0   9.9081 -4.54719
       0   9.9081 -4.72269
       0   9.9081 -4.89744
       0   9.9081 -5.07142
      0  9.9081 -5.2446
       0   9.9081 -5.41695
       0   9.9081 -5.58845
       0   9.9081 -5.75906
       0   9.9081 -5.92877
       0   9.9081 -6.09754
       0   9.9081 -6.26534
       0   9.9081 -6.43216
       0   9.9081 -6.59796
       0   9.9081 -6.76272
       0   9.9081 -6.92641
       0   9.9081 -7.08901
       0   9.9081 -7.25048
       0   9.9081 -7.41082
       0   9.9081 -7.56998
       0   9.9081 -7.72794
       0   9.9081 -7.88469
       0   9.9081 -8.04019
       0   9.9081 -8.19442
       0   9.9081 -8.34736
       0   9.9081 -8.49898
       0   9.9081 -8.64926
       0   9.9081 -8.79817
       0   9.9081 -8.94569
      0  9.9081 -9.0918
       0   9.9081 -9.23648
       0   9.9081 -9.37969
       0   9.9081 -9.52143
       0   9.9081 -9.66166
       0   9.9081 -9.80036
       0   9.9081 -9.93752
       0   9.9081 -10.0731
       0   9.9081 -10.2071
       0   9.9081 -10.3395
       0   9.9081 -10.4702
       0   9.9081 -10.5993
       0   9.9081 -10.7268
       0   9.9081 -10.8525
       0   9.9081 -10.9765
       0   9.9081 -11.0988
       0   9.9081 -11.2193
       0   9.9081 -11.3381
       0   9.9081 -11.4551
       0   9.9081 -11.5702
       0   9.9081 -11.6836
       0   9.9081 -11.7951
       0   9.9081 -11.9047
       0   9.9081 -12.0124
       0   9.9081 -12.1183
       0   9.9081 -12.2222
       0   9.9081 -12.3242
       0   9.9081 -12.4243
       0   9.9081 -12.5224
       0   9.9081 -12.6185
       0   9.9081 -12.7126
       0   9.9081 -12.8048
       0   9.9081 -12.8949
       0   9.9081 -12.9829
       0   9.9081 -13.0689
       0   9.9081 -13.1529
       0   9.9081 -13.2347
       0   9.9081 -13.3145
       0   9.9081 -13.3922
       0   9.9081 -13.4678
       0   9.9081 -13.5412
       0   9.9081 -13.6125
       0   9.9081 -13.6817
       0   9.9081 -13.7487
       0   9.9081 -13.8135
       0   9.9081 -13.8761
       0   9.9081 -13.9366
       0   9.9081 -13.9948
       0   9.9081 -14.0508
       0   9.9081 -14.1046
       0   9.9081 -14.1562
       0   9.9081 -14.2056
       0   9.9081 -14.2527
       0   9.9081 -14.2976
       0   9.9081 -14.3402
       0   9.9081 -14.3805
       0   9.9081 -14.4186
       0   9.9081 -14.4544
       0   9.9081 -14.4879
       0   9.9081 -14.5191
      0  9.9081 -14.548
       0   9.9081 -14.5746
      0  9.9081 -14.599
      0  9.9081 -14.621
       0   9.9081 -14.6407
       0   9.9081 -14.6581
       0   9.9081 -14.6732
      0  9.9081 -14.686
       0   9.9081 -14.6964
       0   9.9081 -14.7045
       0   9.9081 -14.7104
       0   9.9081 -14.7138
      0  9.9081 -14.715
