-0	0.1
0.000573	0.1
0.002274	0.1
0.010229	0.1
0.017031	0.1
0.026361	0.1
0.036177	0.1
0.04215	0.1
0.057761	0.1
0.077753	0.1
0.092777	0.1
0.108048	0.1
0.123238	0.1
0.139471	0.1
0.150734	0.1
0.165164	0.1
0.176943	0.1
0.187184	0.1
0.195669	0.1
0.202218	0.1
0.206687	0.1
0.208978	0.1
0.209037	0.1
0.206857	0.1
0.202477	0.1
0.195979	0.1
0.187493	0.1
0.177187	0.1
0.165269	0.1
0.151979	0.1
0.137586	0.1
0.122383	0.1
0.106676	0.1
0.090789	0.1
0.075049	0.1
0.059776	0.1
0.045287	0.1
0.031879	0.1
0.019827	0.1
0.009383	0.1
0.000766	0.1
-0.005843	0.1
-0.010306	0.1
-0.012525	0.1
-0.012451	0.1
-0.01008	0.1
-0.005456	0.1
0.001333	0.1
0.010151	0.1
0.020823	0.1
0.033134	0.1
0.046837	0.1
0.061656	0.1
0.077289	0.1
0.093419	0.1
0.109729	0.1
0.12587	0.1
0.141515	0.1
0.156341	0.1
0.170045	0.1
0.182343	0.1
0.192982	0.1
0.20174	0.1
0.208435	0.1
0.212925	0.1
0.215114	0.1
0.214953	0.1
0.212441	0.1
0.207623	0.1
0.200595	0.1
0.191497	0.1
0.180512	0.1
0.167857	0.1
0.15379	0.1
0.138594	0.1
0.122579	0.1
0.10607	0.1
0.089405	0.1
0.072923	0.1
0.056962	0.1
0.041853	0.1
0.029237	0.1
0.015396	0.1
0.004594	0.1
-0.004277	0.1
-0.011033	0.1
-0.015531	0.1
-0.017674	0.1
-0.017414	0.1
-0.014752	0.1
-0.009737	0.1
-0.002468	0.1
0.006911	0.1
0.018214	0.1
0.031212	0.1
0.045643	0.1
0.061215	0.1
0.077611	0.1
0.094498	0.1
0.111531	0.1
0.128362	0.1
0.144647	0.1
0.16005	0.1
0.174256	0.1
0.186968	0.1
0.197926	0.1
0.206903	0.1
0.21371	0.1
0.217863	0.1
0.22029	0.1
0.219919	0.1
0.217486	0.1
0.211867	0.1
0.204341	0.1
0.194665	0.1
0.183034	0.1
0.169681	0.1
0.154876	0.1
0.140557	0.1
0.122131	0.1
0.104856	0.1
0.087448	0.1
0.070264	0.1
0.053656	0.1
0.037963	0.1
0.023507	0.1
0.010588	0.1
-0.000528	0.1
-0.009609	0.1
-0.016466	0.1
-0.020954	0.1
-0.022976	0.1
-0.022486	0.1
-0.019489	0.1
-0.014043	0.1
-0.006252	0.1
0.003728	0.1
0.015697	0.1
0.029415	0.1
0.044604	0.1
0.060956	0.1
0.078138	0.1
0.095799	0.1
0.113582	0.1
0.131122	0.1
0.148061	0.1
0.16405	0.1
0.178761	0.1
0.19189	0.1
0.203165	0.1
0.212352	0.1
0.219259	0.1
0.22374	0.1
0.225699	0.1
0.225091	0.1
0.221923	0.1
0.216254	0.1
0.208196	0.1
0.197908	0.1
0.185597	0.1
0.171512	0.1
0.155939	0.1
0.139192	0.1
0.12161	0.1
0.103551	0.1
0.085384	0.1
0.067479	0.1
0.050203	0.1
0.033912	0.1
0.018941	0.1
0.005598	0.1
-0.005839	0.1
-0.01513	0.1
-0.022084	0.1
-0.026555	0.1
-0.028445	0.1
-0.027712	0.1
-0.024365	0.1
-0.018466	0.1
-0.010133	0.1
0.00047	0.1
0.013128	0.1
0.027587	0.1
0.043557	0.1
0.060714	0.1
0.078708	0.1
0.097176	0.1
0.115736	0.1
0.134011	0.1
0.151627	0.1
0.168222	0.1
0.183452	0.1
0.197004	0.1
0.208598	0.1
0.217994	0.1
0.224995	0.1
0.229452	0.1
0.23127	0.1
0.230406	0.1
0.226873	0.1
0.220737	0.1
0.21212	0.1
0.201191	0.1
0.18817	0.1
0.173319	0.1
0.156939	0.1
0.139361	0.1
0.120943	0.1
0.10206	0.1
0.083101	0.1
0.06445	0.1
0.046489	0.1
0.029587	0.1
0.014092	0.1
0.000327	0.1
-0.011427	0.1
-0.020924	0.1
-0.027967	0.1
-0.032405	0.1
-0.034144	0.1
-0.033142	0.1
-0.029415	0.1
-0.023032	0.1
-0.014121	0.1
-0.002858	0.1
0.010531	0.1
0.025777	0.1
0.042572	0.1
0.060591	0.1
0.07947	0.1
0.098807	0.1
0.118207	0.1
0.137276	0.1
0.155621	0.1
0.172864	0.1
0.188649	0.1
0.202651	0.1
0.21458	0.1
0.224189	0.1
0.231277	0.1
0.235694	0.1
0.237343	0.1
0.236186	0.1
0.23224	0.1
0.225581	0.1
0.21634	0.1
0.2047	0.1
0.190896	0.1
0.175203	0.1
0.157762	0.1
0.13927	0.1
0.119937	0.1
0.100158	0.1
0.080336	0.1
0.060878	0.1
0.042181	0.1
0.024629	0.1
0.008584	0.1
-0.005622	0.1
-0.017696	0.1
-0.027387	0.1
-0.034489	0.1
-0.038854	0.1
-0.040388	0.1
-0.039052	0.1
-0.03487	0.1
-0.027919	0.1
-0.01834	0.1
-0.006321	0.1
0.007897	0.1
0.024028	0.1
0.041743	0.1
0.060683	0.1
0.080466	0.1
0.100687	0.1
0.120935	0.1
0.140795	0.1
0.15986	0.1
0.177738	0.1
0.194062	0.1
0.208493	0.1
0.220731	0.1
0.23052	0.1
0.237659	0.1
0.241997	0.1
0.243438	0.1
0.241947	0.1
0.237549	0.1
0.230329	0.1
0.220426	0.1
0.208038	0.1
0.193418	0.1
0.176858	0.1
0.158693	0.1
0.139292	0.1
0.119047	0.1
0.098373	0.1
0.077692	0.1
0.057426	0.1
0.03799	0.1
0.019784	0.1
0.003185	0.1
-0.011465	0.1
-0.023864	0.1
-0.033753	0.1
-0.040926	0.1
-0.04523	0.1
-0.046572	0.1
-0.044917	0.1
-0.040295	0.1
-0.032794	0.1
-0.02256	0.1
-0.0098	0.1
0.005233	0.1
0.022233	0.1
0.040859	0.1
0.060732	0.1
0.081447	0.1
0.102583	0.1
0.123709	0.1
0.144391	0.1
0.164206	0.1
0.182748	0.1
0.199633	0.1
0.214514	0.1
0.227081	0.1
0.237074	0.1
0.244283	0.1
0.248554	0.1
0.249794	0.1
0.247973	0.1
0.24312	0.1
0.235328	0.1
0.224753	0.1
0.211605	0.1
0.196148	0.1
0.178696	0.1
0.159599	0.1
0.139245	0.1
0.118048	0.1
0.096439	0.1
0.074859	0.1
0.053751	0.1
0.033543	0.1
0.014654	0.1
-0.002526	0.1
-0.017644	0.1
-0.030384	0.1
-0.040483	0.1
-0.047728	0.1
-0.05168	0.1
-0.053101	0.1
-0.051108	0.1
-0.046019	0.1
-0.037933	0.1
-0.027009	0.1
-0.013464	0.1
0.002428	0.1
0.020347	0.1
0.039932	0.1
0.060785	0.1
0.082481	0.1
0.104579	0.1
0.126628	0.1
0.148175	0.1
0.16878	0.1
0.188019	0.1
0.205496	0.1
0.220849	0.1
0.23376	0.1
0.24396	0.1
0.251236	0.1
0.255433	0.1
0.256458	0.1
0.254285	0.1
0.248951	0.1
0.240559	0.1
0.229276	0.1
0.215327	0.1
0.198991	0.1
0.180597	0.1
0.160518	0.1
0.139157	0.1
0.116952	0.1
0.094352	0.1
0.071817	0.1
0.049814	0.1
0.028794	0.1
0.009188	0.1
-0.008594	0.1
-0.024191	0.1
-0.037276	0.1
-0.047578	0.1
-0.054883	0.1
-0.059035	0.1
-0.05994	0.1
-0.057576	0.1
-0.051984	0.1
-0.043271	0.1
-0.031609	0.1
-0.017233	0.1
-0.000431	0.1
0.018458	0.1
0.039052	0.1
0.060934	0.1
0.083659	0.1
0.106763	0.1
0.129775	0.1
0.152224	0.1
0.173649	0.1
0.19361	0.1
0.211693	0.1
0.227526	0.1
0.240782	0.1
0.251184	0.1
0.258513	0.1
0.262614	0.1
0.263397	0.1
0.260838	0.1
0.254984	0.1
0.245948	0.1
0.233907	0.1
0.219104	0.1
0.201834	0.1
0.182447	0.1
0.161336	0.1
0.138931	0.1
0.115686	0.1
0.092073	0.1
0.068575	0.1
0.045674	0.1
0.023838	0.1
0.003519	0.1
-0.014864	0.1
-0.030935	0.1
-0.044358	0.1
-0.054855	0.1
-0.062205	0.1
-0.066252	0.1
-0.066905	0.1
-0.064146	0.1
-0.058023	0.1
-0.048657	0.1
-0.036232	0.1
-0.020995	0.1
-0.003253	0.1
0.016637	0.1
0.038272	0.1
0.061213	0.1
0.084994	0.1
0.109128	0.1
0.133121	0.1
0.156481	0.1
0.178733	0.1
0.199419	0.1
0.218112	0.1
0.234426	0.1
0.248022	0.1
0.258617	0.1
0.265989	0.1
0.269979	0.1
0.2705	0.1
0.267534	0.1
0.261134	0.1
0.251426	0.1
0.2386	0.1
0.222913	0.1
0.20468	0.1
0.184269	0.1
0.162094	0.1
0.138605	0.1
0.114282	0.1
0.089621	0.1
0.065122	0.1
0.041289	0.1
0.018609	0.1
-0.00245	0.1
-0.021456	0.1
-0.038015	0.1
-0.051781	0.1
-0.062468	0.1
-0.069853	0.1
-0.073778	0.1
-0.074155	0.1
-0.070971	0.1
-0.064282	0.1
-0.054219	0.1
-0.040981	0.1
-0.024833	0.1
-0.006099	0.1
0.014843	0.1
0.037565	0.1
0.061609	0.1
0.086486	0.1
0.111686	0.1
0.136695	0.1
0.161003	0.1
0.184111	0.1
0.205545	0.1
0.224862	0.1
0.241663	0.1
0.2556	0.1
0.266381	0.1
0.273779	0.1
0.277638	0.1
0.27787	0.1
0.274464	0.1
0.267482	0.1
0.25706	0.1
0.243404	0.1
0.226787	0.1
0.207543	0.1
0.186062	0.1
0.162777	0.1
0.138161	0.1
0.112716	0.1
0.08696	0.1
0.06142	0.1
0.036618	0.1
0.013063	0.1
-0.008759	0.1
-0.028397	0.1
-0.045446	0.1
-0.059554	0.1
-0.070425	0.1
-0.077829	0.1
-0.081611	0.1
-0.081684	0.1
-0.078041	0.1
-0.070748	0.1
-0.059947	0.1
-0.045855	0.1
-0.028751	0.1
-0.008976	0.1
0.013068	0.1
0.036934	0.1
0.062143	0.1
0.088177	0.1
0.114504	0.1
0.140585	0.1
0.165889	0.1
0.189896	0.1
0.212109	0.1
0.232071	0.1
0.24937	0.1
0.263648	0.1
0.274606	0.1
0.282014	0.1
0.285714	0.1
0.285621	0.1
0.281731	0.1
0.274115	0.1
0.262922	0.1
0.248374	0.1
0.23076	0.1
0.210434	0.1
0.187808	0.1
0.163341	0.1
0.13753	0.1
0.110899	0.1
0.083993	0.1
0.057361	0.1
0.031547	0.1
0.007083	0.1
-0.015528	0.1
-0.035822	0.1
-0.053376	0.1
-0.067829	0.1
-0.078876	0.1
-0.086285	0.1
-0.089897	0.1
-0.089632	0.1
-0.085486	0.1
-0.077538	0.1
-0.065942	0.1
-0.050927	0.1
-0.032796	0.1
-0.011912	0.1
0.011304	0.1
0.036378	0.1
0.0628	0.1
0.090044	0.1
0.117564	0.1
0.144782	0.1
0.171136	0.1
0.196089	0.1
0.219126	0.1
0.239772	0.1
0.2576	0.1
0.272239	0.1
0.283384	0.1
0.290799	0.1
0.294326	0.1
0.293884	0.1
0.289475	0.1
0.281181	0.1
0.269166	0.1
0.253667	0.1
0.234993	0.1
0.21352	0.1
0.189682	0.1
0.163965	0.1
0.13689	0.1
0.109006	0.1
0.080883	0.1
0.053095	0.1
0.026218	0.1
0.000795	0.1
-0.022653	0.1
-0.043639	0.1
-0.061729	0.1
-0.076546	0.1
-0.087781	0.1
-0.095197	0.1
-0.098635	0.1
-0.098016	0.1
-0.093345	0.1
-0.08471	0.1
-0.072277	0.1
-0.056294	0.1
-0.037083	0.1
-0.015029	0.1
0.009421	0.1
0.035774	0.1
0.063492	0.1
0.092013	0.1
0.120754	0.1
0.149127	0.1
0.176551	0.1
0.202462	0.1
0.226325	0.1
0.247647	0.1
0.265989	0.1
0.280973	0.1
0.292284	0.1
0.299685	0.1
0.303015	0.1
0.302199	0.1
0.297244	0.1
0.288244	0.1
0.275373	0.1
0.258892	0.1
0.239131	0.1
0.216484	0.1
0.191411	0.1
0.164421	0.1
0.13606	0.1
0.106906	0.1
0.077551	0.1
0.048597	0.1
0.020638	0.1
-0.005754	0.1
-0.030035	0.1
-0.051704	0.1
-0.070313	0.1
-0.085475	0.1
-0.096872	0.1
-0.104265	0.1
-0.107494	0.1
-0.106484	0.1
-0.101248	0.1
-0.091884	0.1
-0.078577	0.1
-0.061589	0.1
-0.041263	0.1
-0.018005	0.1
0.007712	0.1
0.035369	0.1
0.064403	0.1
0.094223	0.1
0.124221	0.1
0.153783	0.1
0.182303	0.1
0.209196	0.1
0.233908	0.1
0.255931	0.1
0.274807	0.1
0.290145	0.1
0.301624	0.1
0.309001	0.1
0.312116	0.1
0.310899	0.1
0.305365	0.1
0.295617	0.1
0.281848	0.1
0.264332	0.1
0.243423	0.1
0.219538	0.1
0.193161	0.1
0.164821	0.1
0.135096	0.1
0.104598	0.1
0.073948	0.1
0.043769	0.1
0.014682	0.1
-0.012718	0.1
-0.037867	0.1
-0.060245	0.1
-0.07939	0.1
-0.094903	0.1
-0.106459	0.1
-0.113813	0.1
-0.116807	0.1
-0.115371	0.1
-0.109527	0.1
-0.099386	0.1
-0.085149	0.1
-0.067094	0.1
-0.045586	0.1
-0.021057	0.1
0.005999	0.1
0.035028	0.1
0.065441	0.1
0.096622	0.1
0.127935	0.1
0.158738	0.1
0.188401	0.1
0.216315	0.1
0.241904	0.1
0.264642	0.1
0.284056	0.1
0.299744	0.1
0.311377	0.1
0.318709	0.1
0.321581	0.1
0.319926	0.1
0.313768	0.1
0.303226	0.1
0.288505	0.1
0.269898	0.1
0.247778	0.1
0.222586	0.1
0.197707	0.1
0.165083	0.1
0.133946	0.1
0.102056	0.1
0.070064	0.1
0.038623	0.1
0.008376	0.1
-0.020057	0.1
-0.04609	0.1
-0.069187	0.1
-0.088869	0.1
-0.104732	0.1
-0.11644	0.1
-0.123744	0.1
-0.126485	0.1
-0.124598	0.1
-0.118113	0.1
-0.107153	0.1
-0.091934	0.1
-0.072758	0.1
-0.05001	0.1
-0.024148	0.1
0.004302	0.1
0.034763	0.1
0.06662	0.1
0.099223	0.1
0.131907	0.1
0.164003	0.1
0.194853	0.1
0.223824	0.1
0.25032	0.1
0.271597	0.1
0.291956	0.1
0.308467	0.1
0.319739	0.1
0.328028	0.1
0.331531	0.1
0.331211	0.1
0.323996	0.1
0.307537	0.1
0.290585	0.1
0.260277	0.1
0.223357	0.1
0.174912	0.1
0.128896	0.1
0.081419	0.1
0.034374	0.1
-0.010358	0.1
-0.053658	0.1
-0.071649	0.1
-0.090138	0.1
-0.108013	0.1
-0.123883	0.1
-0.135237	0.1
-0.141386	0.1
-0.143549	0.1
-0.141245	0.1
-0.133992	0.1
-0.123348	0.1
-0.105285	0.1
-0.079722	0.1
-0.051522	0.1
-0.016384	0.1
0.012363	0.1
0.046109	0.1
0.077547	0.1
0.10944	0.1
0.141289	0.1
0.162214	0.1
0.186059	0.1
0.199322	0.1
0.231023	0.1
0.254541	0.1
0.276083	0.1
0.301959	0.1
0.315896	0.1
0.324541	0.1
0.333405	0.1
0.341581	0.1
0.346671	0.1
0.349948	0.1
0.351319	0.1
0.350076	0.1
0.347555	0.1
0.3419	0.1
0.335116	0.1
0.326597	0.1
0.314544	0.1
0.295885	0.1
0.276536	0.1
0.234065	0.1
0.185107	0.1
0.149949	0.1
0.11734	0.1
0.080712	0.1
0.047993	0.1
0.016044	0.1
-0.017907	0.1
-0.046484	0.1
-0.075452	0.1
-0.100898	0.1
-0.122285	0.1
-0.137699	0.1
-0.152141	0.1
-0.158164	0.1
-0.159331	0.1
-0.157391	0.1
-0.149573	0.1
-0.138156	0.1
-0.122772	0.1
-0.10596	0.1
-0.096522	0.1
-0.078471	0.1
-0.05262	0.1
-0.033931	0.1
-0.014247	0.1
0.013299	0.1
0.038376	0.1
0.060396	0.1
0.086468	0.1
0.101453	0.1
0.131377	0.1
0.149909	0.1
0.171811	0.1
0.200195	0.1
0.230587	0.1
0.261901	0.1
0.284657	0.1
0.307407	0.1
0.33928	0.1
0.355171	0.1
0.363975	0.1
0.36405	0.1
0.357295	0.1
0.330725	0.1
0.311979	0.1
0.292327	0.1
0.267181	0.1
0.248831	0.1
0.229377	0.1
0.205482	0.1
0.184142	0.1
0.162172	0.1
0.1435	0.1
0.124591	0.1
0.101719	0.1
0.078819	0.1
0.048517	0.1
0.018851	0.1
-0.023642	0.1
-0.06269	0.1
-0.088986	0.1
-0.107332	0.1
-0.135854	0.1
-0.149483	0.1
-0.157579	0.1
-0.163781	0.1
-0.168045	0.1
-0.170338	0.1
-0.170499	0.1
-0.167363	0.1
-0.156106	0.1
-0.140914	0.1
-0.120756	0.1
-0.098699	0.1
-0.070283	0.1
-0.031525	0.1
0.007576	0.1
0.041395	0.1
0.076278	0.1
0.107722	0.1
0.150788	0.1
0.185236	0.1
0.218337	0.1
0.242786	0.1
0.262626	0.1
0.281276	0.1
0.309361	0.1
0.341559	0.1
0.349115	0.1
0.358924	0.1
0.364411	0.1
0.371016	0.1
0.375628	0.1
0.378805	0.1
0.372054	0.1
0.343562	0.1
0.31898	0.1
0.232357	0.1
0.186836	0.1
0.1262	0.1
0.076341	0.1
0.018845	0.1
-0.064882	0.1
-0.101698	0.1
-0.130939	0.1
-0.165972	0.1
-0.193049	0.1
-0.199086	0.1
-0.199277	0.1
-0.196109	0.1
-0.187907	0.1
-0.187907	0.1
-0.184101	0.1
-0.179768	0.1
-0.179768	0.1
-0.143122	0.1
-0.118397	0.1
-0.118397	0.1
-0.065521	0.1
-0.023721	0.1
0.021332	0.1
0.021332	0.1
0.068583	0.1
0.103625	0.1
0.1168	0.1
0.182021	0.1
0.194782	0.1
0.255802	0.1
0.289433	0.1
0.289433	0.1
0.33559	0.1
0.360592	0.1
0.379293	0.1
0.379293	0.1
0.394395	0.1
0.413749	0.1
0.413749	0.1
0.41644	0.1
0.40886	0.1
0.40886	0.1
0.400327	0.1
0.380839	0.1
0.35162	0.1
0.311474	0.1
0.267613	0.1
0.235399	0.1
0.188018	0.1
0.133606	0.1
0.054566	0.1
-0.022542	0.1
-0.093152	0.1
-0.153041	0.1
-0.198597	0.1
-0.228073	0.1
-0.236358	0.1
-0.228229	0.1
-0.216043	0.1
-0.196335	0.1
-0.189209	0.1
-0.167613	0.1
-0.152286	0.1
-0.125076	0.1
-0.098815	0.1
-0.06635	0.1
-0.04491	0.1
-0.027217	0.1
-0.004521	0.1
0.023418	0.1
0.047143	0.1
0.075966	0.1
0.095299	0.1
0.114647	0.1
0.133946	0.1
0.153133	0.1
0.172144	0.1
0.190919	0.1
0.209396	0.1
