0.286731	-4.90113e-12	0.662709	0.3	0.1	0.5	0	-0.785398	-0	-2.18166	-0	1.39626	-0
0.286988	0.00209763	0.659185	0.3	0.1	0.5	0.000107	-0.787582	0.003469	-2.19182	0.004961	1.40132	0.003381
0.287564	0.00697253	0.651161	0.3	0.1	0.5	0.00041	-0.792482	0.011625	-2.21494	0.016648	1.41366	0.011069
0.288478	0.0157656	0.636689	0.3	0.1	0.5	0.001153	-0.801326	0.026705	-2.25679	0.038333	1.43868	0.024315
0.28962	0.0295238	0.613916	0.3	0.1	0.5	0.002826	-0.815218	0.05147	-2.32303	0.074071	1.48561	0.043276
0.290019	0.0354096	0.604111	0.3	0.1	0.5	0.003736	-0.821235	0.062602	-2.35181	0.090165	1.50906	0.050654
0.290407	0.0417433	0.593521	0.3	0.1	0.5	0.004848	-0.827831	0.07502	-2.3832	0.108138	1.53705	0.058039
0.29072	0.0472855	0.584221	0.3	0.1	0.5	0.005935	-0.833769	0.086322	-2.41114	0.124514	1.56427	0.063982
0.290922	0.0510032	0.577964	0.3	0.1	0.5	0.006726	-0.837885	0.094166	-2.4302	0.135895	1.5842	0.067669
0.291166	0.0555598	0.570278	0.3	0.1	0.5	0.007763	-0.843132	0.104113	-2.454	0.150351	1.61076	0.071825
0.291474	0.0612114	0.56072	0.3	0.1	0.5	0.009156	-0.850078	0.11705	-2.48439	0.169206	1.6476	0.076356
0.291773	0.0663541	0.552003	0.3	0.1	0.5	0.010529	-0.857017	0.129534	-2.51317	0.187479	1.68584	0.079777
0.291946	0.0691156	0.547317	0.3	0.1	0.5	0.01131	-0.861085	0.136583	-2.52922	0.197842	1.7087	0.08129
0.292272	0.0737821	0.539397	0.3	0.1	0.5	0.0127	-0.86873	0.149192	-2.55764	0.216487	1.7521	0.083224
0.292373	0.0751001	0.537162	0.3	0.1	0.5	0.01311	-0.871114	0.152945	-2.56603	0.222066	1.76568	0.083605
0.29255	0.0772766	0.533472	0.3	0.1	0.5	0.013804	-0.875333	0.15937	-2.58034	0.231658	1.78968	0.084045
0.292959	0.0816577	0.526068	0.3	0.1	0.5	0.015271	-0.88523	0.1734	-2.61139	0.252794	1.84561	0.084058
0.293284	0.0846523	0.521031	0.3	0.1	0.5	0.016336	-0.893568	0.184192	-2.63514	0.269251	1.89211	0.083159
0.293478	0.0862644	0.518333	0.3	0.1	0.5	0.016934	-0.898836	0.190601	-2.64917	0.279113	1.92121	0.082246
0.293755	0.0883807	0.514814	0.3	0.1	0.5	0.017752	-0.906921	0.19994	-2.66953	0.293601	1.96557	0.080408
0.293927	0.0896057	0.512791	0.3	0.1	0.5	0.018246	-0.912422	0.206023	-2.68269	0.303104	1.99566	0.078894
0.294159	0.0911902	0.510196	0.3	0.1	0.5	0.018915	-0.920806	0.215002	-2.70192	0.317208	2.0416	0.07622
0.294261	0.0918772	0.50908	0.3	0.1	0.5	0.019217	-0.925041	0.219454	-2.71133	0.324225	2.06497	0.074712
0.294458	0.0932352	0.506893	0.3	0.1	0.5	0.019845	-0.934964	0.229834	-2.73285	0.340607	2.12058	0.070774
0.29456	0.0940171	0.505648	0.3	0.1	0.5	0.020229	-0.942013	0.237324	-2.7479	0.352401	2.1613	0.067615
0.294616	0.0945423	0.504818	0.3	0.1	0.5	0.020497	-0.947576	0.243411	-2.75978	0.361944	2.19451	0.064889
0.294655	0.0951809	0.503815	0.3	0.1	0.5	0.020832	-0.955696	0.252778	-2.77732	0.37651	2.24543	0.060478
0.294646	0.0955549	0.503229	0.3	0.1	0.5	0.021025	-0.961531	0.260045	-2.79027	0.38768	2.28449	0.056925
0.294583	0.0959324	0.502635	0.3	0.1	0.5	0.021195	-0.96883	0.270138	-2.80722	0.402966	2.33772	0.051875
0.294498	0.0961362	0.502308	0.3	0.1	0.5	0.021243	-0.973841	0.278059	-2.81967	0.414754	2.37845	0.04787
0.294352	0.0963081	0.502021	0.3	0.1	0.5	0.021187	-0.979295	0.288203	-2.83451	0.429555	2.42907	0.042745
0.294182	0.0964016	0.501847	0.3	0.1	0.5	0.021002	-0.983502	0.297893	-2.84758	0.443378	2.47574	0.0379
0.294001	0.0964448	0.501748	0.3	0.1	0.5	0.0207	-0.98659	0.307009	-2.85891	0.456094	2.51811	0.033421
0.29375	0.0964558	0.501683	0.3	0.1	0.5	0.020118	-0.98937	0.318652	-2.87213	0.471931	2.57011	0.027848
0.293502	0.0964389	0.501663	0.3	0.1	0.5	0.019345	-0.990876	0.329693	-2.88343	0.486528	2.61727	0.022751
0.293271	0.0964104	0.501666	0.3	0.1	0.5	0.018413	-0.991367	0.339966	-2.89295	0.499744	2.65935	0.018195
0.293013	0.0963752	0.501684	0.3	0.1	0.5	0.017078	-0.990938	0.351708	-2.90273	0.514419	2.70543	0.013231
0.292814	0.0963502	0.501703	0.3	0.1	0.5	0.015757	-0.989872	0.361306	-2.90991	0.526075	2.74155	0.009379
0.292673	0.0963367	0.501717	0.3	0.1	0.5	0.014606	-0.988665	0.368599	-2.9149	0.534725	2.7681	0.006584
0.292606	0.0963321	0.501724	0.3	0.1	0.5	0.013976	-0.987936	0.37227	-2.91727	0.539012	2.78118	0.00522
0.29244	0.0963287	0.50174	0.3	0.1	0.5	0.012114	-0.985604	0.382118	-2.92317	0.550289	2.81537	0.001713
0.292211	0.0963625	0.501753	0.3	0.1	0.5	0.008185	-0.980286	0.399468	-2.93204	0.569349	2.87243	-0.003914
0.292141	0.0963948	0.501751	0.3	0.1	0.5	0.006232	-0.977589	0.40691	-2.93529	0.577204	2.89571	-0.006103
0.292048	0.0965712	0.50171	0.3	0.1	0.5	-0.001076	-0.967726	0.43043	-2.94356	0.600737	2.96474	-0.0121
0.292135	0.0968041	0.501635	0.3	0.1	0.5	-0.008455	-0.958444	0.449765	-2.94832	0.618564	3.01644	-0.01594
0.292262	0.0969819	0.50157	0.3	0.1	0.5	-0.013619	-0.952413	0.461612	-2.95043	0.628791	3.04593	-0.017792
0.292441	0.0971795	0.501495	0.3	0.1	0.5	-0.019181	-0.946338	0.473253	-2.95197	0.638316	3.07332	-0.019232
0.292643	0.0973698	0.501419	0.3	0.1	0.5	-0.024508	-0.940911	0.483544	-2.95294	0.646299	3.09623	-0.020189
0.292935	0.0976143	0.501318	0.3	0.1	0.5	-0.031402	-0.934419	0.495881	-2.95365	0.655321	3.12211	-0.020937
0.293113	0.0977505	0.50126	0.3	0.1	0.5	-0.035329	-0.930976	0.502498	-2.95386	0.659914	3.13528	-0.021158
0.29327	0.0978653	0.50121	0.3	0.1	0.5	-0.038685	-0.928172	0.507953	-2.95394	0.66357	3.14577	-0.021245
0.293434	0.09798	0.501161	0.3	0.1	0.5	-0.042115	-0.925436	0.513355	-2.95396	0.667076	3.15584	-0.021246
0.294068	0.0983873	0.500979	0.3	0.1	0.5	-0.055016	-0.91623	0.532376	-2.95352	0.678518	3.18876	-0.020573
0.294706	0.0987523	0.500811	0.3	0.1	0.5	-0.067903	-0.908607	0.549769	-2.95258	0.687768	3.21546	-0.019031
0.295049	0.0989325	0.500726	0.3	0.1	0.5	-0.074962	-0.905042	0.558771	-2.95196	0.692117	3.22805	-0.017886
0.295429	0.0991211	0.500636	0.3	0.1	0.5	-0.082972	-0.901484	0.56862	-2.95119	0.696545	3.24088	-0.016366
0.295801	0.0992947	0.50055	0.3	0.1	0.5	-0.091141	-0.898363	0.578317	-2.95038	0.700579	3.25258	-0.014597
0.296164	0.0994539	0.500471	0.3	0.1	0.5	-0.099451	-0.895686	0.587874	-2.94955	0.704251	3.26321	-0.012592
0.296515	0.0995978	0.500398	0.3	0.1	0.5	-0.107889	-0.893455	0.597303	-2.9487	0.707591	3.27286	-0.010364
0.29685	0.0997261	0.500332	0.3	0.1	0.5	-0.116441	-0.891672	0.606613	-2.94786	0.710628	3.28157	-0.007923
0.297169	0.0998404	0.500272	0.3	0.1	0.5	-0.125095	-0.890333	0.615816	-2.94704	0.713387	3.2894	-0.005282
0.297499	0.0999494	0.500214	0.3	0.1	0.5	-0.134721	-0.889368	0.625826	-2.94616	0.716133	3.29706	-0.002156
0.297753	0.100026	0.500172	0.3	0.1	0.5	-0.142671	-0.888969	0.633935	-2.94547	0.718176	3.30263	0.000564
0.298017	0.1001	0.500131	0.3	0.1	0.5	-0.151576	-0.888931	0.64287	-2.94473	0.720251	3.30811	0.003749
0.298263	0.100162	0.500097	0.3	0.1	0.5	-0.160549	-0.889313	0.651732	-2.94403	0.722142	3.31289	0.007097
0.298511	0.100218	0.500065	0.3	0.1	0.5	-0.170492	-0.890207	0.661405	-2.94331	0.724032	3.31738	0.010956
0.298718	0.100258	0.500041	0.3	0.1	0.5	-0.179592	-0.891442	0.670139	-2.94268	0.725598	3.32078	0.014616
0.29889	0.100287	0.500024	0.3	0.1	0.5	-0.187827	-0.892889	0.677956	-2.94216	0.726899	3.32332	0.018026
0.299064	0.100312	0.50001	0.3	0.1	0.5	-0.197024	-0.894863	0.686598	-2.9416	0.728239	3.32559	0.021936
0.299114	0.100317	0.500006	0.3	0.1	0.5	-0.199793	-0.895528	0.689183	-2.94144	0.728621	3.32616	0.023133
0.299178	0.100324	0.500002	0.3	0.1	0.5	-0.203491	-0.896468	0.692625	-2.94123	0.729119	3.32684	0.024745
0.299208	0.100328	0.5	0.3	0.1	0.5	-0.205342	-0.896961	0.694343	-2.94113	0.729363	3.32714	0.025559
0.299268	0.100333	0.499997	0.3	0.1	0.5	-0.209051	-0.897989	0.697776	-2.94092	0.729841	3.32769	0.027198
0.299368	0.100341	0.499993	0.3	0.1	0.5	-0.215557	-0.89993	0.703772	-2.94058	0.730648	3.32844	0.030109
0.299535	0.100348	0.499989	0.3	0.1	0.5	-0.227696	-0.903999	0.714873	-2.93997	0.732067	3.32916	0.035649
0.299721	0.100348	0.499991	0.3	0.1	0.5	-0.243671	-0.910211	0.729335	-2.93922	0.733807	3.32883	0.04313
0.299909	0.100335	0.500002	0.3	0.1	0.5	-0.263557	-0.919229	0.747148	-2.93835	0.735866	3.32652	0.05269
0.300045	0.100317	0.500018	0.3	0.1	0.5	-0.281688	-0.928626	0.763243	-2.93758	0.737734	3.32275	0.061587
0.300106	0.100306	0.500029	0.3	0.1	0.5	-0.291281	-0.93403	0.771713	-2.93718	0.738748	3.32015	0.066345
0.300165	0.100292	0.500041	0.3	0.1	0.5	-0.301874	-0.940331	0.781034	-2.93673	0.739906	3.31683	0.071626
0.300213	0.100278	0.500053	0.3	0.1	0.5	-0.311539	-0.946378	0.789514	-2.93631	0.741008	3.3134	0.076461
0.300255	0.100264	0.500065	0.3	0.1	0.5	-0.321238	-0.952724	0.798002	-2.93588	0.742169	3.3096	0.081322
0.300282	0.100254	0.500074	0.3	0.1	0.5	-0.328047	-0.957343	0.80395	-2.93557	0.743023	3.30673	0.084735
0.300304	0.100245	0.500082	0.3	0.1	0.5	-0.333896	-0.961417	0.809054	-2.93529	0.743784	3.30412	0.087666
0.300324	0.100237	0.50009	0.3	0.1	0.5	-0.339757	-0.965596	0.814163	-2.93501	0.744576	3.3014	0.0906
0.300349	0.100227	0.5001	0.3	0.1	0.5	-0.347591	-0.971332	0.820985	-2.93463	0.745681	3.29757	0.094514
0.300371	0.100216	0.500111	0.3	0.1	0.5	-0.355446	-0.977253	0.827817	-2.93423	0.746849	3.29352	0.098426
0.300395	0.100204	0.500123	0.3	0.1	0.5	-0.364309	-0.984135	0.835519	-2.93375	0.748244	3.28873	0.10282
0.300418	0.100193	0.500136	0.3	0.1	0.5	-0.374187	-0.992053	0.844095	-2.9332	0.749901	3.2831	0.107688
0.300438	0.100183	0.500148	0.3	0.1	0.5	-0.383107	-0.999424	0.851833	-2.93268	0.751498	3.27777	0.11205
0.300479	0.100162	0.500176	0.3	0.1	0.5	-0.405024	-1.01841	0.870829	-2.93128	0.755864	3.26377	0.122603
0.300501	0.100153	0.500193	0.3	0.1	0.5	-0.419055	-1.03121	0.88298	-2.9303	0.759017	3.25416	0.129208
0.300516	0.100147	0.500206	0.3	0.1	0.5	-0.429117	-1.04069	0.891689	-2.92955	0.761464	3.24699	0.133859
0.300531	0.100141	0.500218	0.3	0.1	0.5	-0.440223	-1.05144	0.901297	-2.92868	0.764351	3.23882	0.138901
0.300544	0.100137	0.500229	0.3	0.1	0.5	-0.450353	-1.06151	0.910057	-2.92784	0.767164	3.23115	0.14341
0.300557	0.100133	0.50024	0.3	0.1	0.5	-0.460515	-1.07187	0.918839	-2.92695	0.770163	3.22325	0.147839
0.300569	0.10013	0.50025	0.3	0.1	0.5	-0.470708	-1.08251	0.927645	-2.92602	0.773357	3.21515	0.152183
0.30058	0.100129	0.500259	0.3	0.1	0.5	-0.480933	-1.09343	0.936474	-2.92505	0.776752	3.20684	0.156434
0.300592	0.100128	0.500268	0.3	0.1	0.5	-0.491189	-1.10464	0.945325	-2.92402	0.780357	3.19833	0.160586
0.300602	0.100128	0.500276	0.3	0.1	0.5	-0.500446	-1.11497	0.953308	-2.92306	0.783785	3.19053	0.164232
0.300614	0.10013	0.500285	0.3	0.1	0.5	-0.511794	-1.12791	0.963086	-2.92182	0.78822	3.18079	0.168563
0.300626	0.100132	0.500293	0.3	0.1	0.5	-0.522141	-1.13999	0.971993	-2.92064	0.792493	3.17177	0.172376
0.300636	0.100135	0.500299	0.3	0.1	0.5	-0.531478	-1.1511	0.980022	-2.91954	0.796539	3.16352	0.1757
0.300648	0.10014	0.500305	0.3	0.1	0.5	-0.54188	-1.16373	0.988956	-2.91827	0.801263	3.15422	0.179269
0.30066	0.100146	0.50031	0.3	0.1	0.5	-0.552311	-1.17665	0.997902	-2.91694	0.806236	3.14478	0.1827
0.300664	0.100148	0.500312	0.3	0.1	0.5	-0.555446	-1.18059	1.00059	-2.91653	0.807777	3.14192	0.183702
0.300673	0.100154	0.500315	0.3	0.1	0.5	-0.562769	-1.18987	1.00686	-2.91556	0.811462	3.13521	0.185988
0.300685	0.100162	0.500319	0.3	0.1	0.5	-0.572204	-1.20203	1.01492	-2.91427	0.816387	3.1265	0.18882
0.300699	0.100172	0.500322	0.3	0.1	0.5	-0.582712	-1.21582	1.02388	-2.9128	0.822107	3.11672	0.19182
0.300712	0.100182	0.500324	0.3	0.1	0.5	-0.592189	-1.22849	1.03194	-2.91142	0.827484	3.10783	0.194385
0.300742	0.100206	0.500326	0.3	0.1	0.5	-0.61226	-1.25606	1.04895	-2.90838	0.839563	3.08885	0.199361
0.300764	0.100225	0.500326	0.3	0.1	0.5	-0.626036	-1.27556	1.06056	-2.9062	0.848407	3.07571	0.202411
0.300782	0.10024	0.500325	0.3	0.1	0.5	-0.636654	-1.29092	1.06947	-2.90447	0.855536	3.06554	0.204554
0.300802	0.100257	0.500323	0.3	0.1	0.5	-0.648352	-1.30818	1.07925	-2.90252	0.863706	3.05429	0.206704
0.300821	0.100272	0.50032	0.3	0.1	0.5	-0.659002	-1.3242	1.0881	-2.9007	0.871435	3.04404	0.208468
0.300838	0.100286	0.500317	0.3	0.1	0.5	-0.668597	-1.33889	1.09603	-2.89902	0.878639	3.03479	0.209897
0.300851	0.100295	0.500315	0.3	0.1	0.5	-0.674998	-1.34882	1.1013	-2.89789	0.883573	3.02861	0.210767
0.300867	0.100308	0.500312	0.3	0.1	0.5	-0.683539	-1.36224	1.10831	-2.89635	0.890316	3.02037	0.211821
0.30088	0.100318	0.500308	0.3	0.1	0.5	-0.689948	-1.37244	1.11355	-2.89519	0.895498	3.01419	0.212533
0.300905	0.100335	0.500302	0.3	0.1	0.5	-0.701705	-1.39143	1.12309	-2.89301	0.905272	3.00286	0.213663
0.300941	0.100362	0.500292	0.3	0.1	0.5	-0.717744	-1.41796	1.136	-2.88998	0.919179	2.98742	0.214837
0.300977	0.100387	0.500281	0.3	0.1	0.5	-0.732717	-1.44337	1.14792	-2.88708	0.93276	2.97306	0.215552
0.301007	0.100406	0.500272	0.3	0.1	0.5	-0.744477	-1.46377	1.15718	-2.88477	0.943836	2.96182	0.215859
0.301034	0.100423	0.500262	0.3	0.1	0.5	-0.755162	-1.48264	1.16552	-2.88265	0.954211	2.95164	0.215947
0.301063	0.100439	0.500252	0.3	0.1	0.5	-0.765838	-1.50183	1.17377	-2.8805	0.964874	2.94152	0.215855
0.301088	0.100452	0.500243	0.3	0.1	0.5	-0.775437	-1.51937	1.18111	-2.87856	0.974717	2.93246	0.215624
0.301118	0.100467	0.500232	0.3	0.1	0.5	-0.786089	-1.53916	1.18918	-2.87639	0.985923	2.92246	0.215204
0.301151	0.100482	0.500219	0.3	0.1	0.5	-0.797789	-1.56127	1.19793	-2.87398	0.998575	2.91153	0.21455
0.301178	0.100494	0.500209	0.3	0.1	0.5	-0.807344	-1.57964	1.205	-2.87201	1.00917	2.90267	0.213871
0.301209	0.100506	0.500197	0.3	0.1	0.5	-0.817942	-1.60033	1.21274	-2.86981	1.02121	2.89289	0.21297
0.30124	0.100518	0.500185	0.3	0.1	0.5	-0.828516	-1.62132	1.22036	-2.86761	1.03351	2.88321	0.211922
0.301275	0.10053	0.500173	0.3	0.1	0.5	-0.840117	-1.64474	1.22859	-2.86518	1.04735	2.87267	0.210609
0.301303	0.100539	0.500163	0.3	0.1	0.5	-0.849583	-1.66415	1.23521	-2.86321	1.05889	2.86413	0.209416
0.301337	0.100549	0.500151	0.3	0.1	0.5	-0.86112	-1.68819	1.24316	-2.8608	1.07328	2.85381	0.207825
0.301365	0.100557	0.500142	0.3	0.1	0.5	-0.870531	-1.70809	1.24953	-2.85884	1.08526	2.84547	0.206422
0.301395	0.100564	0.500132	0.3	0.1	0.5	-0.880954	-1.73046	1.25647	-2.85668	1.0988	2.83631	0.204767
0.301428	0.100571	0.500121	0.3	0.1	0.5	-0.892377	-1.75535	1.26394	-2.85433	1.11395	2.82638	0.202839
0.301454	0.100575	0.500113	0.3	0.1	0.5	-0.90169	-1.77593	1.26991	-2.85242	1.12653	2.81835	0.20119
0.301484	0.100579	0.500104	0.3	0.1	0.5	-0.913029	-1.80134	1.27703	-2.85011	1.14214	2.80869	0.199098
0.301498	0.100581	0.5001	0.3	0.1	0.5	-0.918167	-1.81297	1.2802	-2.84908	1.14931	2.80435	0.198123
0.301516	0.100584	0.500095	0.3	0.1	0.5	-0.925343	-1.82936	1.28458	-2.84764	1.15943	2.79833	0.196738
0.301529	0.100585	0.500092	0.3	0.1	0.5	-0.930456	-1.84112	1.28766	-2.84662	1.16671	2.79407	0.195735
0.301548	0.100587	0.500088	0.3	0.1	0.5	-0.938615	-1.86004	1.29249	-2.845	1.17845	2.78732	0.194112
0.301568	0.100588	0.500083	0.3	0.1	0.5	-0.947761	-1.88148	1.2978	-2.84322	1.19179	2.77984	0.192267
0.301582	0.100589	0.50008	0.3	0.1	0.5	-0.95384	-1.89584	1.30127	-2.84204	1.20075	2.77491	0.191029
0.301596	0.10059	0.500078	0.3	0.1	0.5	-0.960911	-1.91268	1.30523	-2.84069	1.21127	2.76923	0.189581
0.301614	0.100591	0.500075	0.3	0.1	0.5	-0.970977	-1.93687	1.31074	-2.83879	1.22642	2.76124	0.187515
0.301629	0.100591	0.500073	0.3	0.1	0.5	-0.979999	-1.95876	1.31555	-2.83712	1.24017	2.75417	0.185667
0.301645	0.10059	0.500071	0.3	0.1	0.5	-0.990978	-1.98565	1.32124	-2.83513	1.25709	2.74569	0.183436
0.301657	0.10059	0.500071	0.3	0.1	0.5	-1.00191	-2.01268	1.32671	-2.8332	1.27414	2.7374	0.181251
0.301667	0.100589	0.500072	0.3	0.1	0.5	-1.01574	-2.04724	1.33335	-2.83083	1.29599	2.72713	0.178561
0.301674	0.100591	0.500075	0.3	0.1	0.5	-1.03146	-2.08688	1.3405	-2.82824	1.32112	2.71577	0.175651
0.30167	0.100593	0.50008	0.3	0.1	0.5	-1.05292	-2.14154	1.34954	-2.82492	1.35586	2.70081	0.172012
0.301662	0.100593	0.500082	0.3	0.1	0.5	-1.06262	-2.1664	1.35335	-2.8235	1.37168	2.69428	0.170523
0.301654	0.100593	0.500083	0.3	0.1	0.5	-1.06939	-2.18378	1.35591	-2.82255	1.38276	2.68981	0.169549
0.301636	0.100592	0.500084	0.3	0.1	0.5	-1.08096	-2.21354	1.36008	-2.82099	1.40174	2.68233	0.168021
0.301616	0.100591	0.500084	0.3	0.1	0.5	-1.09057	-2.23827	1.36334	-2.81975	1.41753	2.67628	0.166892
0.301592	0.10059	0.500083	0.3	0.1	0.5	-1.10016	-2.26293	1.3664	-2.81858	1.43328	2.67041	0.165901
0.301561	0.100588	0.50008	0.3	0.1	0.5	-1.11069	-2.28993	1.36955	-2.81737	1.45054	2.66413	0.16498
0.301529	0.100586	0.500076	0.3	0.1	0.5	-1.12025	-2.31435	1.3722	-2.81632	1.46616	2.65861	0.164301
0.3015	0.100585	0.500071	0.3	0.1	0.5	-1.12789	-2.33379	1.37417	-2.81554	1.47859	2.65431	0.163869
0.301477	0.100584	0.500067	0.3	0.1	0.5	-1.13362	-2.34831	1.37556	-2.81497	1.48788	2.65116	0.163613
0.30144	0.100584	0.50006	0.3	0.1	0.5	-1.14221	-2.36997	1.3775	-2.81416	1.50174	2.64655	0.163336
0.301423	0.100583	0.500057	0.3	0.1	0.5	-1.14603	-2.37955	1.37831	-2.81381	1.50786	2.64454	0.163256
0.301377	0.100584	0.500046	0.3	0.1	0.5	-1.15559	-2.40336	1.38018	-2.81299	1.5231	2.63964	0.16317
0.301296	0.100586	0.500026	0.3	0.1	0.5	-1.17091	-2.44101	1.38269	-2.8118	1.54718	2.63214	0.163376
0.301208	0.100589	0.499999	0.3	0.1	0.5	-1.18632	-2.47804	1.3846	-2.81074	1.57085	2.62505	0.164007
0.301149	0.100592	0.499978	0.3	0.1	0.5	-1.19599	-2.50083	1.38548	-2.81015	1.58541	2.62082	0.164616
0.301079	0.100594	0.499952	0.3	0.1	0.5	-1.20669	-2.52558	1.38614	-2.80956	1.60121	2.61634	0.165472
0.301013	0.100594	0.499925	0.3	0.1	0.5	-1.21647	-2.54775	1.38647	-2.80909	1.61535	2.61242	0.166419
0.300951	0.100594	0.499897	0.3	0.1	0.5	-1.22534	-2.56743	1.38653	-2.8087	1.62788	2.60901	0.167405
0.300879	0.100594	0.499862	0.3	0.1	0.5	-1.23526	-2.58898	1.38632	-2.80832	1.64159	2.60534	0.168647
0.300813	0.100593	0.499828	0.3	0.1	0.5	-1.24427	-2.60807	1.38587	-2.80802	1.6537	2.60214	0.169892
0.30073	0.100591	0.499782	0.3	0.1	0.5	-1.2554	-2.63099	1.38497	-2.80771	1.66823	2.59836	0.171572
0.300651	0.100587	0.499737	0.3	0.1	0.5	-1.26564	-2.65142	1.3838	-2.80747	1.68114	2.59503	0.173245
0.300571	0.100583	0.499688	0.3	0.1	0.5	-1.27601	-2.67146	1.38228	-2.80728	1.69375	2.5918	0.17505
0.300489	0.100578	0.499636	0.3	0.1	0.5	-1.28652	-2.69107	1.38039	-2.80713	1.70606	2.58866	0.176983
0.300406	0.100571	0.49958	0.3	0.1	0.5	-1.2972	-2.71026	1.37811	-2.80703	1.71805	2.58558	0.179035
0.300321	0.100563	0.499521	0.3	0.1	0.5	-1.30804	-2.729	1.37541	-2.80697	1.7297	2.58257	0.181201
0.300236	0.100553	0.499458	0.3	0.1	0.5	-1.31908	-2.74728	1.37228	-2.80695	1.741	2.57961	0.183473
0.300149	0.100541	0.499393	0.3	0.1	0.5	-1.33033	-2.76508	1.3687	-2.80698	1.75193	2.57668	0.185843
0.300053	0.100525	0.499317	0.3	0.1	0.5	-1.34296	-2.78409	1.36421	-2.80706	1.7635	2.57348	0.188555
0.299973	0.10051	0.499253	0.3	0.1	0.5	-1.3535	-2.79919	1.36008	-2.80717	1.77261	2.57086	0.190847
0.299876	0.100488	0.499172	0.3	0.1	0.5	-1.36667	-2.81706	1.35446	-2.80734	1.78329	2.56765	0.193731
0.299823	0.100475	0.499127	0.3	0.1	0.5	-1.37399	-2.82654	1.35111	-2.80746	1.78889	2.56589	0.195337
0.299744	0.100454	0.499059	0.3	0.1	0.5	-1.38515	-2.84038	1.34571	-2.80766	1.79698	2.56324	0.197787
0.299684	0.100436	0.499005	0.3	0.1	0.5	-1.394	-2.85082	1.34119	-2.80784	1.80302	2.56115	0.199721
0.299589	0.100406	0.49892	0.3	0.1	0.5	-1.40818	-2.86666	1.33351	-2.80816	1.81203	2.55782	0.202803
0.299496	0.100374	0.498835	0.3	0.1	0.5	-1.42271	-2.88176	1.32509	-2.80853	1.82045	2.55444	0.205925
0.299389	0.100332	0.498736	0.3	0.1	0.5	-1.44034	-2.89864	1.3142	-2.809	1.8296	2.55037	0.209647
0.299296	0.100291	0.498649	0.3	0.1	0.5	-1.45704	-2.91325	1.30324	-2.80949	1.83726	2.54655	0.213093
0.299222	0.100255	0.498579	0.3	0.1	0.5	-1.47124	-2.92468	1.29347	-2.80991	1.84306	2.54333	0.215958
0.299153	0.100217	0.498513	0.3	0.1	0.5	-1.48568	-2.93543	1.28313	-2.81035	1.84833	2.5401	0.218802
0.299083	0.100175	0.498447	0.3	0.1	0.5	-1.50179	-2.94645	1.27116	-2.81083	1.85351	2.53657	0.221892
0.299027	0.100136	0.498394	0.3	0.1	0.5	-1.51661	-2.95572	1.25979	-2.81127	1.85767	2.53342	0.224653
0.298982	0.1001	0.498352	0.3	0.1	0.5	-1.53005	-2.96346	1.24921	-2.81165	1.86098	2.53066	0.227089
0.298935	0.100057	0.498311	0.3	0.1	0.5	-1.54654	-2.97214	1.2359	-2.81208	1.8645	2.52742	0.229991
0.298904	0.100022	0.498287	0.3	0.1	0.5	-1.56004	-2.97861	1.22477	-2.81241	1.86696	2.52491	0.232296
0.298877	0.0999819	0.498268	0.3	0.1	0.5	-1.57649	-2.98578	1.21095	-2.81276	1.86949	2.52207	0.23502
0.298862	0.0999512	0.498262	0.3	0.1	0.5	-1.58987	-2.99105	1.19953	-2.813	1.87121	2.51994	0.237167
0.298855	0.0999197	0.498267	0.3	0.1	0.5	-1.60458	-2.99632	1.18681	-2.81321	1.87278	2.51783	0.239464
0.298856	0.0998916	0.498283	0.3	0.1	0.5	-1.61909	-3.001	1.17412	-2.81336	1.87404	2.516	0.241666
0.298867	0.0998664	0.49831	0.3	0.1	0.5	-1.63336	-3.00513	1.16154	-2.81345	1.87502	2.51446	0.243774
0.298886	0.0998457	0.498347	0.3	0.1	0.5	-1.64735	-3.00877	1.14912	-2.81347	1.87575	2.51323	0.24579
0.298912	0.0998286	0.498394	0.3	0.1	0.5	-1.66101	-3.01194	1.13692	-2.81343	1.87629	2.51231	0.247717
0.298945	0.0998146	0.498449	0.3	0.1	0.5	-1.67433	-3.01471	1.125	-2.81333	1.87666	2.5117	0.249561
0.298976	0.0998065	0.498499	0.3	0.1	0.5	-1.68471	-3.01666	1.11569	-2.81321	1.87686	2.51143	0.25098
0.299033	0.0997979	0.498588	0.3	0.1	0.5	-1.70106	-3.01937	1.10102	-2.81294	1.87704	2.5114	0.253187
0.299077	0.0997952	0.498654	0.3	0.1	0.5	-1.71199	-3.02097	1.09122	-2.8127	1.87708	2.51166	0.254649
0.299133	0.0997954	0.498738	0.3	0.1	0.5	-1.72491	-3.02265	1.07967	-2.81237	1.87706	2.51226	0.25637
0.299181	0.0997975	0.498809	0.3	0.1	0.5	-1.73511	-3.02383	1.07058	-2.81207	1.87701	2.51299	0.25773
0.299235	0.0998021	0.498889	0.3	0.1	0.5	-1.74606	-3.02497	1.06086	-2.8117	1.87693	2.51402	0.259195
0.29929	0.0998086	0.498969	0.3	0.1	0.5	-1.75661	-3.02596	1.05154	-2.81131	1.87683	2.51527	0.260616
0.299349	0.099817	0.499055	0.3	0.1	0.5	-1.76776	-3.02688	1.04176	-2.81086	1.87672	2.51688	0.262133
0.299402	0.0998262	0.499131	0.3	0.1	0.5	-1.77749	-3.02761	1.03328	-2.81043	1.87663	2.51854	0.263476
0.299449	0.0998352	0.499198	0.3	0.1	0.5	-1.78592	-3.02817	1.02599	-2.81004	1.87655	2.52018	0.264656
0.299484	0.0998425	0.499247	0.3	0.1	0.5	-1.79228	-3.02857	1.02052	-2.80972	1.8765	2.52154	0.265558
0.299532	0.0998533	0.499316	0.3	0.1	0.5	-1.80105	-3.02907	1.01303	-2.80928	1.87644	2.52361	0.266823
0.299564	0.0998612	0.499361	0.3	0.1	0.5	-1.80698	-3.02939	1.00801	-2.80896	1.8764	2.52513	0.267694
0.299608	0.0998722	0.499423	0.3	0.1	0.5	-1.81517	-3.02979	1.00112	-2.80851	1.87637	2.52741	0.268918
0.299645	0.099882	0.499475	0.3	0.1	0.5	-1.82226	-3.03011	0.995215	-2.8081	1.87636	2.52955	0.27
0.299672	0.0998893	0.499513	0.3	0.1	0.5	-1.8276	-3.03034	0.990802	-2.80779	1.87636	2.53127	0.27083
0.299709	0.0999002	0.499564	0.3	0.1	0.5	-1.83497	-3.03064	0.984763	-2.80734	1.87637	2.5338	0.271999
0.299746	0.0999113	0.499615	0.3	0.1	0.5	-1.84273	-3.03092	0.978465	-2.80686	1.87641	2.53666	0.273263
0.299801	0.099929	0.499691	0.3	0.1	0.5	-1.85535	-3.03134	0.968382	-2.80604	1.8765	2.54176	0.275396
0.299829	0.0999385	0.499729	0.3	0.1	0.5	-1.86223	-3.03155	0.962972	-2.80557	1.87658	2.54478	0.276603
0.299849	0.0999456	0.499757	0.3	0.1	0.5	-1.86763	-3.0317	0.958762	-2.8052	1.87664	2.54727	0.277575
0.29987	0.0999528	0.499784	0.3	0.1	0.5	-1.87341	-3.03185	0.9543	-2.8048	1.87672	2.55005	0.278641
0.299888	0.0999596	0.499809	0.3	0.1	0.5	-1.87897	-3.03198	0.950051	-2.8044	1.8768	2.55285	0.279691
0.299904	0.0999658	0.49983	0.3	0.1	0.5	-1.88431	-3.0321	0.946003	-2.80402	1.87688	2.55563	0.280727
0.299918	0.0999711	0.49985	0.3	0.1	0.5	-1.88945	-3.03221	0.942144	-2.80364	1.87696	2.55841	0.281747
0.299931	0.0999759	0.499866	0.3	0.1	0.5	-1.89439	-3.03231	0.938461	-2.80327	1.87704	2.56117	0.282754
0.299942	0.09998	0.499881	0.3	0.1	0.5	-1.89915	-3.03239	0.934944	-2.80291	1.8771	2.5639	0.283746
0.299951	0.0999842	0.499894	0.3	0.1	0.5	-1.90373	-3.03246	0.93158	-2.80256	1.87716	2.5666	0.284724
0.29996	0.0999874	0.499905	0.3	0.1	0.5	-1.90814	-3.03253	0.928362	-2.80223	1.87721	2.56925	0.285689
0.299967	0.0999903	0.499915	0.3	0.1	0.5	-1.91239	-3.03259	0.925278	-2.8019	1.87724	2.57186	0.286641
0.299973	0.099993	0.499923	0.3	0.1	0.5	-1.91649	-3.03264	0.92232	-2.80158	1.87726	2.57441	0.28758
0.299979	0.0999951	0.49993	0.3	0.1	0.5	-1.92044	-3.03268	0.919479	-2.80128	1.87726	2.57691	0.288507
0.299982	0.0999962	0.499935	0.3	0.1	0.5	-1.92312	-3.03271	0.917556	-2.80107	1.87725	2.57862	0.289149
0.299985	0.0999975	0.49994	0.3	0.1	0.5	-1.92611	-3.03274	0.915421	-2.80084	1.87723	2.58053	0.289875
0.299988	0.0999985	0.499944	0.3	0.1	0.5	-1.92901	-3.03277	0.913349	-2.80062	1.8772	2.5824	0.290594
0.29999	0.1	0.499948	0.3	0.1	0.5	-1.93252	-3.0328	0.910841	-2.80035	1.87715	2.58467	0.291483
0.299994	0.100002	0.499954	0.3	0.1	0.5	-1.93756	-3.03285	0.907241	-2.79996	1.87702	2.58793	0.292795
0.299996	0.100003	0.499958	0.3	0.1	0.5	-1.94142	-3.03288	0.904486	-2.79968	1.87689	2.59041	0.293829
0.299998	0.100004	0.49996	0.3	0.1	0.5	-1.94451	-3.03292	0.902269	-2.79945	1.87676	2.59238	0.294679
0.299999	0.100004	0.499963	0.3	0.1	0.5	-1.94751	-3.03295	0.900117	-2.79924	1.87661	2.59426	0.295519
0.299999	0.100004	0.499965	0.3	0.1	0.5	-1.9504	-3.03298	0.898027	-2.79903	1.87643	2.59606	0.29635
0.3	0.100005	0.499967	0.3	0.1	0.5	-1.95349	-3.03302	0.895792	-2.79883	1.87621	2.59794	0.297254
0.3	0.100005	0.499969	0.3	0.1	0.5	-1.95619	-3.03307	0.893815	-2.79865	1.87599	2.59955	0.298066
0.300001	0.100005	0.49997	0.3	0.1	0.5	-1.95856	-3.03311	0.892078	-2.7985	1.87577	2.60092	0.29879
0.300001	0.100005	0.499972	0.3	0.1	0.5	-1.96111	-3.03316	0.89019	-2.79834	1.8755	2.60236	0.299587
0.300001	0.100005	0.499973	0.3	0.1	0.5	-1.96335	-3.03321	0.888527	-2.79822	1.87525	2.60358	0.300298
0.300002	0.100005	0.499975	0.3	0.1	0.5	-1.96599	-3.03328	0.886537	-2.79807	1.87491	2.60498	0.301158
0.300002	0.100005	0.499976	0.3	0.1	0.5	-1.96856	-3.03335	0.884592	-2.79794	1.87454	2.60626	0.302009
0.300001	0.100005	0.499977	0.3	0.1	0.5	-1.97059	-3.03342	0.88303	-2.79785	1.87423	2.60723	0.302699
0.300001	0.100004	0.499979	0.3	0.1	0.5	-1.97279	-3.0335	0.881325	-2.79775	1.87386	2.60822	0.303459
0.300001	0.100005	0.49998	0.3	0.1	0.5	-1.97493	-3.03359	0.879649	-2.79766	1.87347	2.60913	0.304213
0.300002	0.100004	0.499981	0.3	0.1	0.5	-1.97722	-3.0337	0.877837	-2.79758	1.87302	2.61004	0.305035
0.300002	0.100004	0.499982	0.3	0.1	0.5	-1.97904	-3.03379	0.876377	-2.79753	1.87263	2.6107	0.305702
0.300001	0.100004	0.499983	0.3	0.1	0.5	-1.98101	-3.0339	0.874777	-2.79747	1.87219	2.61136	0.306438
0.300001	0.100003	0.499984	0.3	0.1	0.5	-1.98312	-3.03403	0.873044	-2.79743	1.87168	2.612	0.30724
0.300001	0.100004	0.499985	0.3	0.1	0.5	-1.9848	-3.03415	0.871644	-2.7974	1.87124	2.61245	0.307892
0.300001	0.100003	0.499986	0.3	0.1	0.5	-1.98662	-3.03428	0.870108	-2.79738	1.87075	2.61288	0.308611
0.300001	0.100003	0.499987	0.3	0.1	0.5	-1.9884	-3.03442	0.86859	-2.79737	1.87023	2.61323	0.309325
0.300001	0.100003	0.499988	0.3	0.1	0.5	-1.98996	-3.03455	0.867239	-2.79736	1.86975	2.6135	0.309963
0.3	0.100003	0.499989	0.3	0.1	0.5	-1.99183	-3.03472	0.865606	-2.79737	1.86915	2.61374	0.310738
0.3	0.100002	0.499989	0.3	0.1	0.5	-1.99348	-3.03489	0.864139	-2.79738	1.8686	2.6139	0.311438
0.3	0.100002	0.49999	0.3	0.1	0.5	-1.9951	-3.03505	0.862686	-2.7974	1.86802	2.61399	0.312133
0.3	0.100002	0.499991	0.3	0.1	0.5	-1.99667	-3.03523	0.861248	-2.79743	1.86743	2.61402	0.312823
0.299999	0.100002	0.499991	0.3	0.1	0.5	-1.99791	-3.03537	0.860108	-2.79746	1.86696	2.61401	0.313373
0.299999	0.100001	0.499992	0.3	0.1	0.5	-1.99973	-3.03559	0.858413	-2.79752	1.86622	2.61392	0.314192
0.299999	0.100001	0.499992	0.3	0.1	0.5	-2.00121	-3.03578	0.857016	-2.79757	1.8656	2.61379	0.31487
0.299999	0.100001	0.499993	0.3	0.1	0.5	-2.0028	-3.036	0.855493	-2.79763	1.8649	2.61359	0.315612
0.299999	0.100001	0.499993	0.3	0.1	0.5	-2.00407	-3.03618	0.854258	-2.79768	1.86432	2.61338	0.316215
0.299999	0.100001	0.499993	0.3	0.1	0.5	-2.00533	-3.03636	0.853033	-2.79774	1.86373	2.61314	0.316816
0.299998	0.1	0.499994	0.3	0.1	0.5	-2.00683	-3.03659	0.851548	-2.79782	1.86301	2.61281	0.317546
0.299998	0.1	0.499994	0.3	0.1	0.5	-2.00816	-3.0368	0.850211	-2.7979	1.86234	2.61246	0.318206
0.299998	0.0999999	0.499994	0.3	0.1	0.5	-2.00948	-3.03701	0.848886	-2.79798	1.86166	2.61208	0.318863
0.299998	0.0999999	0.499994	0.3	0.1	0.5	-2.01077	-3.03723	0.847572	-2.79807	1.86097	2.61167	0.319516
0.299997	0.0999995	0.499994	0.3	0.1	0.5	-2.01203	-3.03744	0.846269	-2.79816	1.86027	2.61123	0.320167
0.299997	0.0999994	0.499994	0.3	0.1	0.5	-2.01327	-3.03766	0.844978	-2.79825	1.85957	2.61076	0.320814
0.299997	0.0999993	0.499994	0.3	0.1	0.5	-2.01462	-3.0379	0.843571	-2.79835	1.8588	2.61021	0.321523
0.299997	0.0999991	0.499994	0.3	0.1	0.5	-2.01582	-3.03813	0.842304	-2.79845	1.85809	2.6097	0.322165
0.299997	0.0999991	0.499995	0.3	0.1	0.5	-2.017	-3.03835	0.841048	-2.79855	1.85737	2.60916	0.322803
0.299997	0.0999989	0.499995	0.3	0.1	0.5	-2.01804	-3.03855	0.839928	-2.79864	1.85672	2.60867	0.323376
0.299997	0.0999985	0.499995	0.3	0.1	0.5	-2.01919	-3.03877	0.838695	-2.79874	1.856	2.6081	0.32401
0.299997	0.0999986	0.499995	0.3	0.1	0.5	-2.02009	-3.03894	0.837716	-2.79883	1.85542	2.60764	0.324515
0.299997	0.0999982	0.499995	0.3	0.1	0.5	-2.02143	-3.03921	0.836263	-2.79895	1.85454	2.60694	0.32527
0.299996	0.0999979	0.499995	0.3	0.1	0.5	-2.02252	-3.03943	0.835065	-2.79906	1.85381	2.60634	0.325897
0.299996	0.0999982	0.499995	0.3	0.1	0.5	-2.0236	-3.03965	0.833878	-2.79916	1.85307	2.60574	0.326521
0.299996	0.0999981	0.499995	0.3	0.1	0.5	-2.02467	-3.03986	0.832704	-2.79927	1.85234	2.60513	0.327144
0.299996	0.0999976	0.499995	0.3	0.1	0.5	-2.02571	-3.04007	0.831542	-2.79938	1.8516	2.60452	0.327764
0.299996	0.0999978	0.499995	0.3	0.1	0.5	-2.02675	-3.04029	0.830392	-2.79948	1.85086	2.60391	0.328382
0.299996	0.0999976	0.499994	0.3	0.1	0.5	-2.02696	-3.04033	0.830164	-2.7995	1.85072	2.60379	0.328505
0.299996	0.0999978	0.499995	0.3	0.1	0.5	-2.02747	-3.04043	0.829594	-2.79956	1.85035	2.60348	0.328814
0.299996	0.0999977	0.499995	0.3	0.1	0.5	-2.02928	-3.04081	0.827571	-2.79975	1.84902	2.60239	0.329919
0.299996	0.0999976	0.499995	0.3	0.1	0.5	-2.03076	-3.04111	0.825916	-2.7999	1.84791	2.60149	0.330837
0.299996	0.0999975	0.499994	0.3	0.1	0.5	-2.03164	-3.04129	0.824937	-2.8	1.84725	2.60096	0.331385
0.299996	0.0999978	0.499994	0.3	0.1	0.5	-2.03279	-3.04153	0.823647	-2.80012	1.84637	2.60026	0.332114
0.299996	0.0999975	0.499994	0.3	0.1	0.5	-2.03365	-3.0417	0.822692	-2.80021	1.84571	2.59974	0.33266
0.299996	0.0999978	0.499994	0.3	0.1	0.5	-2.03458	-3.04189	0.821642	-2.8003	1.84498	2.59918	0.333265
0.299996	0.0999974	0.499995	0.3	0.1	0.5	-2.03552	-3.04207	0.820606	-2.8004	1.84425	2.59862	0.333868
0.299996	0.0999975	0.499995	0.3	0.1	0.5	-2.03643	-3.04226	0.819582	-2.8005	1.84353	2.59808	0.334471
0.299996	0.0999978	0.499995	0.3	0.1	0.5	-2.03734	-3.04243	0.818571	-2.80059	1.8428	2.59755	0.335072
0.299996	0.0999975	0.499995	0.3	0.1	0.5	-2.03824	-3.04261	0.817573	-2.80068	1.84208	2.59704	0.335671
0.299996	0.0999974	0.499995	0.3	0.1	0.5	-2.03913	-3.04278	0.816588	-2.80077	1.84136	2.59654	0.33627
0.299996	0.0999974	0.499995	0.3	0.1	0.5	-2.04002	-3.04295	0.815616	-2.80086	1.84065	2.59605	0.336868
0.299996	0.0999976	0.499995	0.3	0.1	0.5	-2.0408	-3.0431	0.814751	-2.80093	1.84	2.59563	0.337405
0.299997	0.0999975	0.499995	0.3	0.1	0.5	-2.04158	-3.04324	0.813897	-2.80101	1.83937	2.59521	0.337941
0.299997	0.0999976	0.499995	0.3	0.1	0.5	-2.04253	-3.04341	0.812867	-2.8011	1.83859	2.59473	0.338595
0.299997	0.0999975	0.499995	0.3	0.1	0.5	-2.04346	-3.04358	0.811852	-2.80119	1.83782	2.59426	0.339248
0.299997	0.0999979	0.499995	0.3	0.1	0.5	-2.04431	-3.04373	0.810941	-2.80126	1.83712	2.59385	0.339841
0.299997	0.099998	0.499995	0.3	0.1	0.5	-2.04514	-3.04388	0.810043	-2.80134	1.83642	2.59346	0.340434
0.299997	0.0999977	0.499995	0.3	0.1	0.5	-2.04597	-3.04402	0.809158	-2.80141	1.83573	2.59309	0.341025
0.299997	0.0999979	0.499996	0.3	0.1	0.5	-2.04679	-3.04416	0.808284	-2.80148	1.83504	2.59273	0.341616
0.299997	0.0999981	0.499996	0.3	0.1	0.5	-2.0476	-3.04429	0.807421	-2.80155	1.83436	2.59239	0.342206
0.299997	0.0999978	0.499996	0.3	0.1	0.5	-2.04841	-3.04442	0.806571	-2.80162	1.83368	2.59207	0.342795
0.299997	0.099998	0.499996	0.3	0.1	0.5	-2.04921	-3.04455	0.805731	-2.80168	1.833	2.59176	0.343384
0.299997	0.0999979	0.499996	0.3	0.1	0.5	-2.05009	-3.04469	0.804821	-2.80175	1.83226	2.59145	0.344031
0.299997	0.0999983	0.499996	0.3	0.1	0.5	-2.05064	-3.04477	0.804248	-2.8018	1.8318	2.59125	0.344443
0.299997	0.0999984	0.499997	0.3	0.1	0.5	-2.05158	-3.04492	0.803279	-2.80187	1.83099	2.59095	0.345148
0.299998	0.0999982	0.499997	0.3	0.1	0.5	-2.05228	-3.04502	0.802563	-2.80192	1.8304	2.59073	0.345676
0.299998	0.0999984	0.499997	0.3	0.1	0.5	-2.05313	-3.04514	0.801698	-2.80198	1.82967	2.59048	0.346321
0.299998	0.0999984	0.499997	0.3	0.1	0.5	-2.05389	-3.04525	0.800922	-2.80203	1.82902	2.59027	0.346907
0.299998	0.0999988	0.499997	0.3	0.1	0.5	-2.05465	-3.04536	0.800156	-2.80208	1.82837	2.59008	0.347493
0.299998	0.0999987	0.499997	0.3	0.1	0.5	-2.05541	-3.04546	0.7994	-2.80213	1.82772	2.58989	0.348078
0.299998	0.0999985	0.499997	0.3	0.1	0.5	-2.05616	-3.04556	0.798654	-2.80218	1.82707	2.58973	0.348663
0.299998	0.0999987	0.499997	0.3	0.1	0.5	-2.05691	-3.04566	0.797916	-2.80223	1.82643	2.58958	0.349247
0.299998	0.099999	0.499997	0.3	0.1	0.5	-2.05765	-3.04576	0.797187	-2.80228	1.82579	2.58944	0.349832
0.299998	0.0999988	0.499998	0.3	0.1	0.5	-2.05838	-3.04585	0.796467	-2.80232	1.82516	2.58931	0.350416
0.299999	0.099999	0.499997	0.3	0.1	0.5	-2.05919	-3.04595	0.795684	-2.80237	1.82446	2.58919	0.351058
0.299999	0.0999989	0.499998	0.3	0.1	0.5	-2.05985	-3.04603	0.795051	-2.8024	1.82389	2.5891	0.351583
0.299999	0.0999992	0.499998	0.3	0.1	0.5	-2.06057	-3.04611	0.794355	-2.80244	1.82326	2.58901	0.352166
0.299999	0.0999995	0.499998	0.3	0.1	0.5	-2.06114	-3.04618	0.793803	-2.80247	1.82276	2.58895	0.352632
0.299999	0.0999991	0.499998	0.3	0.1	0.5	-2.06179	-3.04626	0.793189	-2.80251	1.8222	2.58888	0.353157
0.299999	0.0999992	0.499998	0.3	0.1	0.5	-2.06243	-3.04633	0.79258	-2.80254	1.82164	2.58883	0.353681
0.299999	0.0999993	0.499998	0.3	0.1	0.5	-2.06321	-3.04642	0.791843	-2.80258	1.82096	2.58877	0.354322
0.299999	0.0999994	0.499998	0.3	0.1	0.5	-2.06392	-3.04649	0.79118	-2.80261	1.82035	2.58873	0.354904
0.299999	0.0999994	0.499998	0.3	0.1	0.5	-2.06448	-3.04655	0.790654	-2.80264	1.81985	2.5887	0.355369
0.299999	0.0999997	0.499998	0.3	0.1	0.5	-2.06539	-3.04665	0.789807	-2.80268	1.81906	2.58867	0.356125
0.299999	0.0999994	0.499998	0.3	0.1	0.5	-2.06622	-3.04674	0.789035	-2.80272	1.81832	2.58865	0.356823
0.299999	0.0999995	0.499998	0.3	0.1	0.5	-2.06691	-3.04681	0.788397	-2.80275	1.81771	2.58864	0.357405
0.299999	0.0999997	0.499998	0.3	0.1	0.5	-2.06766	-3.04688	0.787701	-2.80279	1.81704	2.58863	0.358044
0.299999	0.0999995	0.499998	0.3	0.1	0.5	-2.06828	-3.04695	0.787137	-2.80281	1.81649	2.58864	0.358566
0.299999	0.0999996	0.499998	0.3	0.1	0.5	-2.06896	-3.04701	0.786514	-2.80284	1.81589	2.58864	0.359147
0.299999	0.0999996	0.499998	0.3	0.1	0.5	-2.0697	-3.04709	0.785834	-2.80288	1.81522	2.58866	0.359786
0.299999	0.0999995	0.499999	0.3	0.1	0.5	-2.06984	-3.0471	0.785711	-2.80288	1.8151	2.58866	0.359902
0.299999	0.0999997	0.499999	0.3	0.1	0.5	-2.07065	-3.04718	0.784976	-2.80292	1.81438	2.58868	0.360598
0.299999	0.0999997	0.499999	0.3	0.1	0.5	-2.07065	-3.04718	0.784976	-2.80292	1.81438	2.58868	0.360598
0.299999	0.0999997	0.499999	0.3	0.1	0.5	-2.07065	-3.04718	0.784976	-2.80292	1.81438	2.58868	0.360598
0.299999	0.0999997	0.499999	0.3	0.1	0.5	-2.07065	-3.04718	0.784976	-2.80292	1.81438	2.58868	0.360598
0.299999	0.0999997	0.499999	0.3	0.1	0.5	-2.07065	-3.04718	0.784976	-2.80292	1.81438	2.58868	0.360598
0.299999	0.0999997	0.499999	0.3	0.1	0.5	-2.07065	-3.04718	0.784976	-2.80292	1.81438	2.58868	0.360598
0.299999	0.0999997	0.499999	0.3	0.1	0.5	-2.07065	-3.04718	0.784976	-2.80292	1.81438	2.58868	0.360598
0.299999	0.0999997	0.499999	0.3	0.1	0.5	-2.07065	-3.04718	0.784976	-2.80292	1.81438	2.58868	0.360598
0.299999	0.0999997	0.499999	0.3	0.1	0.5	-2.07065	-3.04718	0.784976	-2.80292	1.81438	2.58868	0.360598
0.299999	0.0999997	0.499999	0.3	0.1	0.5	-2.07065	-3.04718	0.784976	-2.80292	1.81438	2.58868	0.360598
0.299999	0.0999997	0.499999	0.3	0.1	0.5	-2.07065	-3.04718	0.784976	-2.80292	1.81438	2.58868	0.360598
0.299999	0.0999997	0.499999	0.3	0.1	0.5	-2.07065	-3.04718	0.784976	-2.80292	1.81438	2.58868	0.360598
0.299999	0.0999997	0.499999	0.3	0.1	0.5	-2.07065	-3.04718	0.784976	-2.80292	1.81438	2.58868	0.360598
0.299999	0.0999997	0.499999	0.3	0.1	0.5	-2.07065	-3.04718	0.784976	-2.80292	1.81438	2.58868	0.360598
0.299999	0.0999997	0.499999	0.3	0.1	0.5	-2.07065	-3.04718	0.784976	-2.80292	1.81438	2.58868	0.360598
0.299999	0.0999997	0.499999	0.3	0.1	0.5	-2.07065	-3.04718	0.784976	-2.80292	1.81438	2.58868	0.360598
0.299999	0.0999997	0.499999	0.3	0.1	0.5	-2.07065	-3.04718	0.784976	-2.80292	1.81438	2.58868	0.360598
0.299999	0.0999997	0.499999	0.3	0.1	0.5	-2.07065	-3.04718	0.784976	-2.80292	1.81438	2.58868	0.360598
0.299999	0.0999997	0.499999	0.3	0.1	0.5	-2.07065	-3.04718	0.784976	-2.80292	1.81438	2.58868	0.360598
0.299999	0.0999997	0.499999	0.3	0.1	0.5	-2.07065	-3.04718	0.784976	-2.80292	1.81438	2.58868	0.360598
0.299999	0.0999997	0.499999	0.3	0.1	0.5	-2.07065	-3.04718	0.784976	-2.80292	1.81438	2.58868	0.360598
0.299999	0.0999997	0.499999	0.3	0.1	0.5	-2.07065	-3.04718	0.784976	-2.80292	1.81438	2.58868	0.360598
0.299999	0.0999997	0.499999	0.3	0.1	0.5	-2.07065	-3.04718	0.784976	-2.80292	1.81438	2.58868	0.360598
0.299999	0.0999997	0.499999	0.3	0.1	0.5	-2.07065	-3.04718	0.784976	-2.80292	1.81438	2.58868	0.360598
0.299999	0.0999997	0.499999	0.3	0.1	0.5	-2.07065	-3.04718	0.784976	-2.80292	1.81438	2.58868	0.360598
0.299999	0.0999997	0.499999	0.3	0.1	0.5	-2.07065	-3.04718	0.784976	-2.80292	1.81438	2.58868	0.360598
0.299999	0.0999997	0.499999	0.3	0.1	0.5	-2.07065	-3.04718	0.784976	-2.80292	1.81438	2.58868	0.360598
0.299999	0.0999997	0.499999	0.3	0.1	0.5	-2.07065	-3.04718	0.784976	-2.80292	1.81438	2.58868	0.360598
0.299999	0.0999997	0.499999	0.3	0.1	0.5	-2.07065	-3.04718	0.784976	-2.80292	1.81438	2.58868	0.360598
0.299999	0.0999997	0.499999	0.3	0.1	0.5	-2.07065	-3.04718	0.784976	-2.80292	1.81438	2.58868	0.360598
0.299999	0.0999997	0.499999	0.3	0.1	0.5	-2.07065	-3.04718	0.784976	-2.80292	1.81438	2.58868	0.360598
0.299999	0.0999997	0.499999	0.3	0.1	0.5	-2.07065	-3.04718	0.784976	-2.80292	1.81438	2.58868	0.360598
0.299999	0.0999997	0.499999	0.3	0.1	0.5	-2.07065	-3.04718	0.784976	-2.80292	1.81438	2.58868	0.360598
0.299999	0.0999997	0.499999	0.3	0.1	0.5	-2.07065	-3.04718	0.784976	-2.80292	1.81438	2.58868	0.360598
0.299999	0.0999997	0.499999	0.3	0.1	0.5	-2.07065	-3.04718	0.784976	-2.80292	1.81438	2.58868	0.360598
0.299999	0.0999997	0.499999	0.3	0.1	0.5	-2.07065	-3.04718	0.784976	-2.80292	1.81438	2.58868	0.360598
0.299999	0.0999997	0.499999	0.3	0.1	0.5	-2.07065	-3.04718	0.784976	-2.80292	1.81438	2.58868	0.360598
0.299999	0.0999997	0.499999	0.3	0.1	0.5	-2.07065	-3.04718	0.784976	-2.80292	1.81438	2.58868	0.360598
0.299999	0.0999997	0.499999	0.3	0.1	0.5	-2.07065	-3.04718	0.784976	-2.80292	1.81438	2.58868	0.360598
0.299999	0.0999997	0.499999	0.3	0.1	0.5	-2.07065	-3.04718	0.784976	-2.80292	1.81438	2.58868	0.360598
0.299999	0.0999997	0.499999	0.3	0.1	0.5	-2.07065	-3.04718	0.784976	-2.80292	1.81438	2.58868	0.360598
0.299999	0.0999997	0.499999	0.3	0.1	0.5	-2.07065	-3.04718	0.784976	-2.80292	1.81438	2.58868	0.360598
0.299999	0.0999997	0.499999	0.3	0.1	0.5	-2.07065	-3.04718	0.784976	-2.80292	1.81438	2.58868	0.360598
0.299999	0.0999997	0.499999	0.3	0.1	0.5	-2.07065	-3.04718	0.784976	-2.80292	1.81438	2.58868	0.360598
0.299999	0.0999997	0.499999	0.3	0.1	0.5	-2.07065	-3.04718	0.784976	-2.80292	1.81438	2.58868	0.360598
0.299999	0.0999997	0.499999	0.3	0.1	0.5	-2.07065	-3.04718	0.784976	-2.80292	1.81438	2.58868	0.360598
0.299999	0.0999997	0.499999	0.3	0.1	0.5	-2.07065	-3.04718	0.784976	-2.80292	1.81438	2.58868	0.360598
0.299999	0.0999997	0.499999	0.3	0.1	0.5	-2.07065	-3.04718	0.784976	-2.80292	1.81438	2.58868	0.360598
0.299999	0.0999997	0.499999	0.3	0.1	0.5	-2.07065	-3.04718	0.784976	-2.80292	1.81438	2.58868	0.360598
0.299999	0.0999997	0.499999	0.3	0.1	0.5	-2.07065	-3.04718	0.784976	-2.80292	1.81438	2.58868	0.360598
0.299999	0.0999997	0.499999	0.3	0.1	0.5	-2.07065	-3.04718	0.784976	-2.80292	1.81438	2.58868	0.360598
0.299999	0.0999997	0.499999	0.3	0.1	0.5	-2.07065	-3.04718	0.784976	-2.80292	1.81438	2.58868	0.360598
0.299999	0.0999997	0.499999	0.3	0.1	0.5	-2.07065	-3.04718	0.784976	-2.80292	1.81438	2.58868	0.360598
0.299999	0.0999997	0.499999	0.3	0.1	0.5	-2.07065	-3.04718	0.784976	-2.80292	1.81438	2.58868	0.360598
0.299999	0.0999997	0.499999	0.3	0.1	0.5	-2.07065	-3.04718	0.784976	-2.80292	1.81438	2.58868	0.360598
0.299999	0.0999997	0.499999	0.3	0.1	0.5	-2.07065	-3.04718	0.784976	-2.80292	1.81438	2.58868	0.360598
0.299999	0.0999997	0.499999	0.3	0.1	0.5	-2.07065	-3.04718	0.784976	-2.80292	1.81438	2.58868	0.360598
0.299999	0.0999997	0.499999	0.3	0.1	0.5	-2.07065	-3.04718	0.784976	-2.80292	1.81438	2.58868	0.360598
0.299999	0.0999997	0.499999	0.3	0.1	0.5	-2.07065	-3.04718	0.784976	-2.80292	1.81438	2.58868	0.360598
0.299999	0.0999997	0.499999	0.3	0.1	0.5	-2.07065	-3.04718	0.784976	-2.80292	1.81438	2.58868	0.360598
0.299999	0.0999997	0.499999	0.3	0.1	0.5	-2.07065	-3.04718	0.784976	-2.80292	1.81438	2.58868	0.360598
0.299999	0.0999997	0.499999	0.3	0.1	0.5	-2.07065	-3.04718	0.784976	-2.80292	1.81438	2.58868	0.360598
0.299999	0.0999997	0.499999	0.3	0.1	0.5	-2.07065	-3.04718	0.784976	-2.80292	1.81438	2.58868	0.360598
0.299999	0.0999997	0.499999	0.3	0.1	0.5	-2.07065	-3.04718	0.784976	-2.80292	1.81438	2.58868	0.360598
0.299999	0.0999997	0.499999	0.3	0.1	0.5	-2.07065	-3.04718	0.784976	-2.80292	1.81438	2.58868	0.360598
0.299999	0.0999997	0.499999	0.3	0.1	0.5	-2.07065	-3.04718	0.784976	-2.80292	1.81438	2.58868	0.360598
0.299999	0.0999997	0.499999	0.3	0.1	0.5	-2.07065	-3.04718	0.784976	-2.80292	1.81438	2.58868	0.360598
0.299999	0.0999997	0.499999	0.3	0.1	0.5	-2.07065	-3.04718	0.784976	-2.80292	1.81438	2.58868	0.360598
0.299999	0.0999997	0.499999	0.3	0.1	0.5	-2.07065	-3.04718	0.784976	-2.80292	1.81438	2.58868	0.360598
0.299999	0.0999997	0.499999	0.3	0.1	0.5	-2.07065	-3.04718	0.784976	-2.80292	1.81438	2.58868	0.360598
0.299999	0.0999997	0.499999	0.3	0.1	0.5	-2.07065	-3.04718	0.784976	-2.80292	1.81438	2.58868	0.360598
0.299999	0.0999997	0.499999	0.3	0.1	0.5	-2.07065	-3.04718	0.784976	-2.80292	1.81438	2.58868	0.360598
0.299999	0.0999997	0.499999	0.3	0.1	0.5	-2.07065	-3.04718	0.784976	-2.80292	1.81438	2.58868	0.360598
0.299999	0.0999997	0.499999	0.3	0.1	0.5	-2.07065	-3.04718	0.784976	-2.80292	1.81438	2.58868	0.360598
0.299999	0.0999997	0.499999	0.3	0.1	0.5	-2.07065	-3.04718	0.784976	-2.80292	1.81438	2.58868	0.360598
0.299999	0.0999997	0.499999	0.3	0.1	0.5	-2.07065	-3.04718	0.784976	-2.80292	1.81438	2.58868	0.360598
0.299999	0.0999997	0.499999	0.3	0.1	0.5	-2.07065	-3.04718	0.784976	-2.80292	1.81438	2.58868	0.360598
0.299999	0.0999997	0.499999	0.3	0.1	0.5	-2.07065	-3.04718	0.784976	-2.80292	1.81438	2.58868	0.360598
0.299999	0.0999997	0.499999	0.3	0.1	0.5	-2.07065	-3.04718	0.784976	-2.80292	1.81438	2.58868	0.360598
0.299999	0.0999997	0.499999	0.3	0.1	0.5	-2.07065	-3.04718	0.784976	-2.80292	1.81438	2.58868	0.360598
0.299999	0.0999997	0.499999	0.3	0.1	0.5	-2.07065	-3.04718	0.784976	-2.80292	1.81438	2.58868	0.360598
0.299999	0.0999997	0.499999	0.3	0.1	0.5	-2.07065	-3.04718	0.784976	-2.80292	1.81438	2.58868	0.360598
0.299999	0.0999997	0.499999	0.3	0.1	0.5	-2.07065	-3.04718	0.784976	-2.80292	1.81438	2.58868	0.360598
0.299999	0.0999997	0.499999	0.3	0.1	0.5	-2.07065	-3.04718	0.784976	-2.80292	1.81438	2.58868	0.360598
0.299999	0.0999997	0.499999	0.3	0.1	0.5	-2.07065	-3.04718	0.784976	-2.80292	1.81438	2.58868	0.360598
0.299999	0.0999997	0.499999	0.3	0.1	0.5	-2.07065	-3.04718	0.784976	-2.80292	1.81438	2.58868	0.360598
0.299999	0.0999997	0.499999	0.3	0.1	0.5	-2.07065	-3.04718	0.784976	-2.80292	1.81438	2.58868	0.360598
0.299999	0.0999997	0.499999	0.3	0.1	0.5	-2.07065	-3.04718	0.784976	-2.80292	1.81438	2.58868	0.360598
0.299999	0.0999997	0.499999	0.3	0.1	0.5	-2.07065	-3.04718	0.784976	-2.80292	1.81438	2.58868	0.360598
0.299999	0.0999997	0.499999	0.3	0.1	0.5	-2.07065	-3.04718	0.784976	-2.80292	1.81438	2.58868	0.360598
0.299999	0.0999997	0.499999	0.3	0.1	0.5	-2.07065	-3.04718	0.784976	-2.80292	1.81438	2.58868	0.360598
0.299999	0.0999997	0.499999	0.3	0.1	0.5	-2.07065	-3.04718	0.784976	-2.80292	1.81438	2.58868	0.360598
0.299999	0.0999997	0.499999	0.3	0.1	0.5	-2.07065	-3.04718	0.784976	-2.80292	1.81438	2.58868	0.360598
0.299999	0.0999997	0.499999	0.3	0.1	0.5	-2.07065	-3.04718	0.784976	-2.80292	1.81438	2.58868	0.360598
0.299999	0.0999997	0.499999	0.3	0.1	0.5	-2.07065	-3.04718	0.784976	-2.80292	1.81438	2.58868	0.360598
0.299999	0.0999997	0.499999	0.3	0.1	0.5	-2.07065	-3.04718	0.784976	-2.80292	1.81438	2.58868	0.360598
0.299999	0.0999997	0.499999	0.3	0.1	0.5	-2.07065	-3.04718	0.784976	-2.80292	1.81438	2.58868	0.360598
0.299999	0.0999997	0.499999	0.3	0.1	0.5	-2.07065	-3.04718	0.784976	-2.80292	1.81438	2.58868	0.360598
0.299999	0.0999997	0.499999	0.3	0.1	0.5	-2.07065	-3.04718	0.784976	-2.80292	1.81438	2.58868	0.360598
0.299999	0.0999997	0.499999	0.3	0.1	0.5	-2.07065	-3.04718	0.784976	-2.80292	1.81438	2.58868	0.360598
0.299999	0.0999997	0.499999	0.3	0.1	0.5	-2.07065	-3.04718	0.784976	-2.80292	1.81438	2.58868	0.360598
0.299999	0.0999997	0.499999	0.3	0.1	0.5	-2.07065	-3.04718	0.784976	-2.80292	1.81438	2.58868	0.360598
0.299999	0.0999997	0.499999	0.3	0.1	0.5	-2.07065	-3.04718	0.784976	-2.80292	1.81438	2.58868	0.360598
0.299999	0.0999997	0.499999	0.3	0.1	0.5	-2.07065	-3.04718	0.784976	-2.80292	1.81438	2.58868	0.360598
0.299999	0.0999997	0.499999	0.3	0.1	0.5	-2.07065	-3.04718	0.784976	-2.80292	1.81438	2.58868	0.360598
0.299999	0.0999997	0.499999	0.3	0.1	0.5	-2.07065	-3.04718	0.784976	-2.80292	1.81438	2.58868	0.360598
0.299999	0.0999997	0.499999	0.3	0.1	0.5	-2.07065	-3.04718	0.784976	-2.80292	1.81438	2.58868	0.360598
0.299999	0.0999997	0.499999	0.3	0.1	0.5	-2.07065	-3.04718	0.784976	-2.80292	1.81438	2.58868	0.360598
0.299999	0.0999997	0.499999	0.3	0.1	0.5	-2.07065	-3.04718	0.784976	-2.80292	1.81438	2.58868	0.360598
0.299999	0.0999997	0.499999	0.3	0.1	0.5	-2.07065	-3.04718	0.784976	-2.80292	1.81438	2.58868	0.360598
0.299999	0.0999997	0.499999	0.3	0.1	0.5	-2.07065	-3.04718	0.784976	-2.80292	1.81438	2.58868	0.360598
0.299999	0.0999997	0.499999	0.3	0.1	0.5	-2.07065	-3.04718	0.784976	-2.80292	1.81438	2.58868	0.360598
0.299999	0.0999997	0.499999	0.3	0.1	0.5	-2.07065	-3.04718	0.784976	-2.80292	1.81438	2.58868	0.360598
0.299999	0.0999997	0.499999	0.3	0.1	0.5	-2.07065	-3.04718	0.784976	-2.80292	1.81438	2.58868	0.360598
0.299999	0.0999997	0.499999	0.3	0.1	0.5	-2.07065	-3.04718	0.784976	-2.80292	1.81438	2.58868	0.360598
0.299999	0.0999997	0.499999	0.3	0.1	0.5	-2.07065	-3.04718	0.784976	-2.80292	1.81438	2.58868	0.360598
0.299999	0.0999997	0.499999	0.3	0.1	0.5	-2.07065	-3.04718	0.784976	-2.80292	1.81438	2.58868	0.360598
0.299999	0.0999997	0.499999	0.3	0.1	0.5	-2.07065	-3.04718	0.784976	-2.80292	1.81438	2.58868	0.360598
0.299999	0.0999997	0.499999	0.3	0.1	0.5	-2.07065	-3.04718	0.784976	-2.80292	1.81438	2.58868	0.360598
0.299999	0.0999997	0.499999	0.3	0.1	0.5	-2.07065	-3.04718	0.784976	-2.80292	1.81438	2.58868	0.360598
0.299999	0.0999997	0.499999	0.3	0.1	0.5	-2.07065	-3.04718	0.784976	-2.80292	1.81438	2.58868	0.360598
0.299999	0.0999997	0.499999	0.3	0.1	0.5	-2.07065	-3.04718	0.784976	-2.80292	1.81438	2.58868	0.360598
0.299999	0.0999997	0.499999	0.3	0.1	0.5	-2.07065	-3.04718	0.784976	-2.80292	1.81438	2.58868	0.360598
0.299999	0.0999997	0.499999	0.3	0.1	0.5	-2.07065	-3.04718	0.784976	-2.80292	1.81438	2.58868	0.360598
0.299999	0.0999997	0.499999	0.3	0.1	0.5	-2.07065	-3.04718	0.784976	-2.80292	1.81438	2.58868	0.360598
0.299999	0.0999997	0.499999	0.3	0.1	0.5	-2.07065	-3.04718	0.784976	-2.80292	1.81438	2.58868	0.360598
0.299999	0.0999997	0.499999	0.3	0.1	0.5	-2.07065	-3.04718	0.784976	-2.80292	1.81438	2.58868	0.360598
0.299999	0.0999997	0.499999	0.3	0.1	0.5	-2.07065	-3.04718	0.784976	-2.80292	1.81438	2.58868	0.360598
0.299999	0.0999997	0.499999	0.3	0.1	0.5	-2.07065	-3.04718	0.784976	-2.80292	1.81438	2.58868	0.360598
0.299999	0.0999997	0.499999	0.3	0.1	0.5	-2.07065	-3.04718	0.784976	-2.80292	1.81438	2.58868	0.360598
0.299999	0.0999997	0.499999	0.3	0.1	0.5	-2.07065	-3.04718	0.784976	-2.80292	1.81438	2.58868	0.360598
0.299999	0.0999997	0.499999	0.3	0.1	0.5	-2.07065	-3.04718	0.784976	-2.80292	1.81438	2.58868	0.360598
0.299999	0.0999997	0.499999	0.3	0.1	0.5	-2.07065	-3.04718	0.784976	-2.80292	1.81438	2.58868	0.360598
0.299999	0.0999997	0.499999	0.3	0.1	0.5	-2.07065	-3.04718	0.784976	-2.80292	1.81438	2.58868	0.360598
0.299999	0.0999997	0.499999	0.3	0.1	0.5	-2.07065	-3.04718	0.784976	-2.80292	1.81438	2.58868	0.360598
0.299999	0.0999997	0.499999	0.3	0.1	0.5	-2.07065	-3.04718	0.784976	-2.80292	1.81438	2.58868	0.360598
0.299999	0.0999997	0.499999	0.3	0.1	0.5	-2.07065	-3.04718	0.784976	-2.80292	1.81438	2.58868	0.360598
0.299999	0.0999997	0.499999	0.3	0.1	0.5	-2.07065	-3.04718	0.784976	-2.80292	1.81438	2.58868	0.360598
0.299999	0.0999997	0.499999	0.3	0.1	0.5	-2.07065	-3.04718	0.784976	-2.80292	1.81438	2.58868	0.360598
0.299999	0.0999997	0.499999	0.3	0.1	0.5	-2.07065	-3.04718	0.784976	-2.80292	1.81438	2.58868	0.360598
0.299999	0.0999997	0.499999	0.3	0.1	0.5	-2.07065	-3.04718	0.784976	-2.80292	1.81438	2.58868	0.360598
0.299999	0.0999997	0.499999	0.3	0.1	0.5	-2.07065	-3.04718	0.784976	-2.80292	1.81438	2.58868	0.360598
0.299999	0.0999997	0.499999	0.3	0.1	0.5	-2.07065	-3.04718	0.784976	-2.80292	1.81438	2.58868	0.360598
0.299999	0.0999997	0.499999	0.3	0.1	0.5	-2.07065	-3.04718	0.784976	-2.80292	1.81438	2.58868	0.360598
0.299999	0.0999997	0.499999	0.3	0.1	0.5	-2.07065	-3.04718	0.784976	-2.80292	1.81438	2.58868	0.360598
0.299999	0.0999997	0.499999	0.3	0.1	0.5	-2.07065	-3.04718	0.784976	-2.80292	1.81438	2.58868	0.360598
0.299999	0.0999997	0.499999	0.3	0.1	0.5	-2.07065	-3.04718	0.784976	-2.80292	1.81438	2.58868	0.360598
0.299999	0.0999997	0.499999	0.3	0.1	0.5	-2.07065	-3.04718	0.784976	-2.80292	1.81438	2.58868	0.360598
0.299999	0.0999997	0.499999	0.3	0.1	0.5	-2.07065	-3.04718	0.784976	-2.80292	1.81438	2.58868	0.360598
0.299999	0.0999997	0.499999	0.3	0.1	0.5	-2.07065	-3.04718	0.784976	-2.80292	1.81438	2.58868	0.360598
0.299999	0.0999997	0.499999	0.3	0.1	0.5	-2.07065	-3.04718	0.784976	-2.80292	1.81438	2.58868	0.360598
0.299999	0.0999997	0.499999	0.3	0.1	0.5	-2.07065	-3.04718	0.784976	-2.80292	1.81438	2.58868	0.360598
0.299999	0.0999997	0.499999	0.3	0.1	0.5	-2.07065	-3.04718	0.784976	-2.80292	1.81438	2.58868	0.360598
0.299999	0.0999997	0.499999	0.3	0.1	0.5	-2.07065	-3.04718	0.784976	-2.80292	1.81438	2.58868	0.360598
0.299999	0.0999997	0.499999	0.3	0.1	0.5	-2.07065	-3.04718	0.784976	-2.80292	1.81438	2.58868	0.360598
0.299999	0.0999997	0.499999	0.3	0.1	0.5	-2.07065	-3.04718	0.784976	-2.80292	1.81438	2.58868	0.360598
0.299999	0.0999997	0.499999	0.3	0.1	0.5	-2.07065	-3.04718	0.784976	-2.80292	1.81438	2.58868	0.360598
0.299999	0.0999997	0.499999	0.3	0.1	0.5	-2.07065	-3.04718	0.784976	-2.80292	1.81438	2.58868	0.360598
0.299999	0.0999997	0.499999	0.3	0.1	0.5	-2.07065	-3.04718	0.784976	-2.80292	1.81438	2.58868	0.360598
0.299999	0.0999997	0.499999	0.3	0.1	0.5	-2.07065	-3.04718	0.784976	-2.80292	1.81438	2.58868	0.360598
0.299999	0.0999997	0.499999	0.3	0.1	0.5	-2.07065	-3.04718	0.784976	-2.80292	1.81438	2.58868	0.360598
0.299999	0.0999997	0.499999	0.3	0.1	0.5	-2.07065	-3.04718	0.784976	-2.80292	1.81438	2.58868	0.360598
0.299999	0.0999997	0.499999	0.3	0.1	0.5	-2.07065	-3.04718	0.784976	-2.80292	1.81438	2.58868	0.360598
0.299999	0.0999997	0.499999	0.3	0.1	0.5	-2.07065	-3.04718	0.784976	-2.80292	1.81438	2.58868	0.360598
0.299999	0.0999997	0.499999	0.3	0.1	0.5	-2.07065	-3.04718	0.784976	-2.80292	1.81438	2.58868	0.360598
0.299999	0.0999997	0.499999	0.3	0.1	0.5	-2.07065	-3.04718	0.784976	-2.80292	1.81438	2.58868	0.360598
0.299999	0.0999997	0.499999	0.3	0.1	0.5	-2.07065	-3.04718	0.784976	-2.80292	1.81438	2.58868	0.360598
0.299999	0.0999997	0.499999	0.3	0.1	0.5	-2.07065	-3.04718	0.784976	-2.80292	1.81438	2.58868	0.360598
0.299999	0.0999997	0.499999	0.3	0.1	0.5	-2.07065	-3.04718	0.784976	-2.80292	1.81438	2.58868	0.360598
0.299999	0.0999997	0.499999	0.3	0.1	0.5	-2.07065	-3.04718	0.784976	-2.80292	1.81438	2.58868	0.360598
0.299999	0.0999997	0.499999	0.3	0.1	0.5	-2.07065	-3.04718	0.784976	-2.80292	1.81438	2.58868	0.360598
0.299999	0.0999997	0.499999	0.3	0.1	0.5	-2.07065	-3.04718	0.784976	-2.80292	1.81438	2.58868	0.360598
0.299999	0.0999997	0.499999	0.3	0.1	0.5	-2.07065	-3.04718	0.784976	-2.80292	1.81438	2.58868	0.360598
0.299999	0.0999997	0.499999	0.3	0.1	0.5	-2.07065	-3.04718	0.784976	-2.80292	1.81438	2.58868	0.360598
0.299999	0.0999997	0.499999	0.3	0.1	0.5	-2.07065	-3.04718	0.784976	-2.80292	1.81438	2.58868	0.360598
0.299999	0.0999997	0.499999	0.3	0.1	0.5	-2.07065	-3.04718	0.784976	-2.80292	1.81438	2.58868	0.360598
0.299999	0.0999997	0.499999	0.3	0.1	0.5	-2.07065	-3.04718	0.784976	-2.80292	1.81438	2.58868	0.360598
0.299999	0.0999997	0.499999	0.3	0.1	0.5	-2.07065	-3.04718	0.784976	-2.80292	1.81438	2.58868	0.360598
0.299999	0.0999997	0.499999	0.3	0.1	0.5	-2.07065	-3.04718	0.784976	-2.80292	1.81438	2.58868	0.360598
0.299999	0.0999997	0.499999	0.3	0.1	0.5	-2.07065	-3.04718	0.784976	-2.80292	1.81438	2.58868	0.360598
0.299999	0.0999997	0.499999	0.3	0.1	0.5	-2.07065	-3.04718	0.784976	-2.80292	1.81438	2.58868	0.360598
0.299999	0.0999997	0.499999	0.3	0.1	0.5	-2.07065	-3.04718	0.784976	-2.80292	1.81438	2.58868	0.360598
0.299999	0.0999997	0.499999	0.3	0.1	0.5	-2.07065	-3.04718	0.784976	-2.80292	1.81438	2.58868	0.360598
0.299999	0.0999997	0.499999	0.3	0.1	0.5	-2.07065	-3.04718	0.784976	-2.80292	1.81438	2.58868	0.360598
0.299999	0.0999997	0.499999	0.3	0.1	0.5	-2.07065	-3.04718	0.784976	-2.80292	1.81438	2.58868	0.360598
0.299999	0.0999997	0.499999	0.3	0.1	0.5	-2.07065	-3.04718	0.784976	-2.80292	1.81438	2.58868	0.360598
0.299999	0.0999997	0.499999	0.3	0.1	0.5	-2.07065	-3.04718	0.784976	-2.80292	1.81438	2.58868	0.360598
0.299999	0.0999997	0.499999	0.3	0.1	0.5	-2.07065	-3.04718	0.784976	-2.80292	1.81438	2.58868	0.360598
0.299999	0.0999997	0.499999	0.3	0.1	0.5	-2.07065	-3.04718	0.784976	-2.80292	1.81438	2.58868	0.360598
0.299999	0.0999997	0.499999	0.3	0.1	0.5	-2.07065	-3.04718	0.784976	-2.80292	1.81438	2.58868	0.360598
0.299999	0.0999997	0.499999	0.3	0.1	0.5	-2.07065	-3.04718	0.784976	-2.80292	1.81438	2.58868	0.360598
0.299999	0.0999997	0.499999	0.3	0.1	0.5	-2.07065	-3.04718	0.784976	-2.80292	1.81438	2.58868	0.360598
0.299999	0.0999997	0.499999	0.3	0.1	0.5	-2.07065	-3.04718	0.784976	-2.80292	1.81438	2.58868	0.360598
0.299999	0.0999997	0.499999	0.3	0.1	0.5	-2.07065	-3.04718	0.784976	-2.80292	1.81438	2.58868	0.360598
0.299999	0.0999997	0.499999	0.3	0.1	0.5	-2.07065	-3.04718	0.784976	-2.80292	1.81438	2.58868	0.360598
0.299999	0.0999997	0.499999	0.3	0.1	0.5	-2.07065	-3.04718	0.784976	-2.80292	1.81438	2.58868	0.360598
0.299999	0.0999997	0.499999	0.3	0.1	0.5	-2.07065	-3.04718	0.784976	-2.80292	1.81438	2.58868	0.360598
0.299999	0.0999997	0.499999	0.3	0.1	0.5	-2.07065	-3.04718	0.784976	-2.80292	1.81438	2.58868	0.360598
0.299999	0.0999997	0.499999	0.3	0.1	0.5	-2.07065	-3.04718	0.784976	-2.80292	1.81438	2.58868	0.360598
0.299999	0.0999997	0.499999	0.3	0.1	0.5	-2.07065	-3.04718	0.784976	-2.80292	1.81438	2.58868	0.360598
0.299999	0.0999997	0.499999	0.3	0.1	0.5	-2.07065	-3.04718	0.784976	-2.80292	1.81438	2.58868	0.360598
0.299999	0.0999997	0.499999	0.3	0.1	0.5	-2.07065	-3.04718	0.784976	-2.80292	1.81438	2.58868	0.360598
0.299999	0.0999997	0.499999	0.3	0.1	0.5	-2.07065	-3.04718	0.784976	-2.80292	1.81438	2.58868	0.360598
0.299999	0.0999997	0.499999	0.3	0.1	0.5	-2.07065	-3.04718	0.784976	-2.80292	1.81438	2.58868	0.360598
0.299999	0.0999997	0.499999	0.3	0.1	0.5	-2.07065	-3.04718	0.784976	-2.80292	1.81438	2.58868	0.360598
0.299999	0.0999997	0.499999	0.3	0.1	0.5	-2.07065	-3.04718	0.784976	-2.80292	1.81438	2.58868	0.360598
0.299999	0.0999997	0.499999	0.3	0.1	0.5	-2.07065	-3.04718	0.784976	-2.80292	1.81438	2.58868	0.360598
0.299999	0.0999997	0.499999	0.3	0.1	0.5	-2.07065	-3.04718	0.784976	-2.80292	1.81438	2.58868	0.360598
0.299999	0.0999997	0.499999	0.3	0.1	0.5	-2.07065	-3.04718	0.784976	-2.80292	1.81438	2.58868	0.360598
0.299999	0.0999997	0.499999	0.3	0.1	0.5	-2.07065	-3.04718	0.784976	-2.80292	1.81438	2.58868	0.360598
0.299999	0.0999997	0.499999	0.3	0.1	0.5	-2.07065	-3.04718	0.784976	-2.80292	1.81438	2.58868	0.360598
0.299999	0.0999997	0.499999	0.3	0.1	0.5	-2.07065	-3.04718	0.784976	-2.80292	1.81438	2.58868	0.360598
0.299999	0.0999997	0.499999	0.3	0.1	0.5	-2.07065	-3.04718	0.784976	-2.80292	1.81438	2.58868	0.360598
0.299999	0.0999997	0.499999	0.3	0.1	0.5	-2.07065	-3.04718	0.784976	-2.80292	1.81438	2.58868	0.360598
0.299999	0.0999997	0.499999	0.3	0.1	0.5	-2.07065	-3.04718	0.784976	-2.80292	1.81438	2.58868	0.360598
0.299999	0.0999997	0.499999	0.3	0.1	0.5	-2.07065	-3.04718	0.784976	-2.80292	1.81438	2.58868	0.360598
0.299999	0.0999997	0.499999	0.3	0.1	0.5	-2.07065	-3.04718	0.784976	-2.80292	1.81438	2.58868	0.360598
0.299999	0.0999997	0.499999	0.3	0.1	0.5	-2.07065	-3.04718	0.784976	-2.80292	1.81438	2.58868	0.360598
0.299999	0.0999997	0.499999	0.3	0.1	0.5	-2.07065	-3.04718	0.784976	-2.80292	1.81438	2.58868	0.360598
0.299999	0.0999997	0.499999	0.3	0.1	0.5	-2.07065	-3.04718	0.784976	-2.80292	1.81438	2.58868	0.360598
0.299999	0.0999997	0.499999	0.3	0.1	0.5	-2.07065	-3.04718	0.784976	-2.80292	1.81438	2.58868	0.360598
0.299999	0.0999997	0.499999	0.3	0.1	0.5	-2.07065	-3.04718	0.784976	-2.80292	1.81438	2.58868	0.360598
0.299999	0.0999997	0.499999	0.3	0.1	0.5	-2.07065	-3.04718	0.784976	-2.80292	1.81438	2.58868	0.360598
0.299999	0.0999997	0.499999	0.3	0.1	0.5	-2.07065	-3.04718	0.784976	-2.80292	1.81438	2.58868	0.360598
0.299999	0.0999997	0.499999	0.3	0.1	0.5	-2.07065	-3.04718	0.784976	-2.80292	1.81438	2.58868	0.360598
0.299999	0.0999997	0.499999	0.3	0.1	0.5	-2.07065	-3.04718	0.784976	-2.80292	1.81438	2.58868	0.360598
0.299999	0.0999997	0.499999	0.3	0.1	0.5	-2.07065	-3.04718	0.784976	-2.80292	1.81438	2.58868	0.360598
0.299999	0.0999997	0.499999	0.3	0.1	0.5	-2.07065	-3.04718	0.784976	-2.80292	1.81438	2.58868	0.360598
0.299999	0.0999997	0.499999	0.3	0.1	0.5	-2.07065	-3.04718	0.784976	-2.80292	1.81438	2.58868	0.360598
0.299999	0.0999997	0.499999	0.3	0.1	0.5	-2.07065	-3.04718	0.784976	-2.80292	1.81438	2.58868	0.360598
0.299999	0.0999997	0.499999	0.3	0.1	0.5	-2.07065	-3.04718	0.784976	-2.80292	1.81438	2.58868	0.360598
0.299999	0.0999997	0.499999	0.3	0.1	0.5	-2.07065	-3.04718	0.784976	-2.80292	1.81438	2.58868	0.360598
0.299999	0.0999997	0.499999	0.3	0.1	0.5	-2.07065	-3.04718	0.784976	-2.80292	1.81438	2.58868	0.360598
0.299999	0.0999997	0.499999	0.3	0.1	0.5	-2.07065	-3.04718	0.784976	-2.80292	1.81438	2.58868	0.360598
0.299999	0.0999997	0.499999	0.3	0.1	0.5	-2.07065	-3.04718	0.784976	-2.80292	1.81438	2.58868	0.360598
0.299999	0.0999997	0.499999	0.3	0.1	0.5	-2.07065	-3.04718	0.784976	-2.80292	1.81438	2.58868	0.360598
0.299999	0.0999997	0.499999	0.3	0.1	0.5	-2.07065	-3.04718	0.784976	-2.80292	1.81438	2.58868	0.360598
0.299999	0.0999997	0.499999	0.3	0.1	0.5	-2.07065	-3.04718	0.784976	-2.80292	1.81438	2.58868	0.360598
0.299999	0.0999997	0.499999	0.3	0.1	0.5	-2.07065	-3.04718	0.784976	-2.80292	1.81438	2.58868	0.360598
0.299999	0.0999997	0.499999	0.3	0.1	0.5	-2.07065	-3.04718	0.784976	-2.80292	1.81438	2.58868	0.360598
0.299999	0.0999997	0.499999	0.3	0.1	0.5	-2.07065	-3.04718	0.784976	-2.80292	1.81438	2.58868	0.360598
0.299999	0.0999997	0.499999	0.3	0.1	0.5	-2.07065	-3.04718	0.784976	-2.80292	1.81438	2.58868	0.360598
0.299999	0.0999997	0.499999	0.3	0.1	0.5	-2.07065	-3.04718	0.784976	-2.80292	1.81438	2.58868	0.360598
0.299999	0.0999997	0.499999	0.3	0.1	0.5	-2.07065	-3.04718	0.784976	-2.80292	1.81438	2.58868	0.360598
0.299999	0.0999997	0.499999	0.3	0.1	0.5	-2.07065	-3.04718	0.784976	-2.80292	1.81438	2.58868	0.360598
0.299999	0.0999997	0.499999	0.3	0.1	0.5	-2.07065	-3.04718	0.784976	-2.80292	1.81438	2.58868	0.360598
0.299999	0.0999997	0.499999	0.3	0.1	0.5	-2.07065	-3.04718	0.784976	-2.80292	1.81438	2.58868	0.360598
0.299999	0.0999997	0.499999	0.3	0.1	0.5	-2.07065	-3.04718	0.784976	-2.80292	1.81438	2.58868	0.360598
0.299999	0.0999997	0.499999	0.3	0.1	0.5	-2.07065	-3.04718	0.784976	-2.80292	1.81438	2.58868	0.360598
0.299999	0.0999997	0.499999	0.3	0.1	0.5	-2.07065	-3.04718	0.784976	-2.80292	1.81438	2.58868	0.360598
0.299999	0.0999997	0.499999	0.3	0.1	0.5	-2.07065	-3.04718	0.784976	-2.80292	1.81438	2.58868	0.360598
0.299999	0.0999997	0.499999	0.3	0.1	0.5	-2.07065	-3.04718	0.784976	-2.80292	1.81438	2.58868	0.360598
0.299999	0.0999997	0.499999	0.3	0.1	0.5	-2.07065	-3.04718	0.784976	-2.80292	1.81438	2.58868	0.360598
0.299999	0.0999997	0.499999	0.3	0.1	0.5	-2.07065	-3.04718	0.784976	-2.80292	1.81438	2.58868	0.360598
0.299999	0.0999997	0.499999	0.3	0.1	0.5	-2.07065	-3.04718	0.784976	-2.80292	1.81438	2.58868	0.360598
0.299999	0.0999997	0.499999	0.3	0.1	0.5	-2.07065	-3.04718	0.784976	-2.80292	1.81438	2.58868	0.360598
0.299999	0.0999997	0.499999	0.3	0.1	0.5	-2.07065	-3.04718	0.784976	-2.80292	1.81438	2.58868	0.360598
0.299999	0.0999997	0.499999	0.3	0.1	0.5	-2.07065	-3.04718	0.784976	-2.80292	1.81438	2.58868	0.360598
0.299999	0.0999997	0.499999	0.3	0.1	0.5	-2.07065	-3.04718	0.784976	-2.80292	1.81438	2.58868	0.360598
0.299999	0.0999997	0.499999	0.3	0.1	0.5	-2.07065	-3.04718	0.784976	-2.80292	1.81438	2.58868	0.360598
0.299999	0.0999997	0.499999	0.3	0.1	0.5	-2.07065	-3.04718	0.784976	-2.80292	1.81438	2.58868	0.360598
0.299999	0.0999997	0.499999	0.3	0.1	0.5	-2.07065	-3.04718	0.784976	-2.80292	1.81438	2.58868	0.360598
0.299999	0.0999997	0.499999	0.3	0.1	0.5	-2.07065	-3.04718	0.784976	-2.80292	1.81438	2.58868	0.360598
0.299999	0.0999997	0.499999	0.3	0.1	0.5	-2.07065	-3.04718	0.784976	-2.80292	1.81438	2.58868	0.360598
0.299999	0.0999997	0.499999	0.3	0.1	0.5	-2.07065	-3.04718	0.784976	-2.80292	1.81438	2.58868	0.360598
0.299999	0.0999997	0.499999	0.3	0.1	0.5	-2.07065	-3.04718	0.784976	-2.80292	1.81438	2.58868	0.360598
0.299999	0.0999997	0.499999	0.3	0.1	0.5	-2.07065	-3.04718	0.784976	-2.80292	1.81438	2.58868	0.360598
0.299999	0.0999997	0.499999	0.3	0.1	0.5	-2.07065	-3.04718	0.784976	-2.80292	1.81438	2.58868	0.360598
0.299999	0.0999997	0.499999	0.3	0.1	0.5	-2.07065	-3.04718	0.784976	-2.80292	1.81438	2.58868	0.360598
0.299999	0.0999997	0.499999	0.3	0.1	0.5	-2.07065	-3.04718	0.784976	-2.80292	1.81438	2.58868	0.360598
0.299999	0.0999997	0.499999	0.3	0.1	0.5	-2.07065	-3.04718	0.784976	-2.80292	1.81438	2.58868	0.360598
0.299999	0.0999997	0.499999	0.3	0.1	0.5	-2.07065	-3.04718	0.784976	-2.80292	1.81438	2.58868	0.360598
0.299999	0.0999997	0.499999	0.3	0.1	0.5	-2.07065	-3.04718	0.784976	-2.80292	1.81438	2.58868	0.360598
0.299999	0.0999997	0.499999	0.3	0.1	0.5	-2.07065	-3.04718	0.784976	-2.80292	1.81438	2.58868	0.360598
0.299999	0.0999997	0.499999	0.3	0.1	0.5	-2.07065	-3.04718	0.784976	-2.80292	1.81438	2.58868	0.360598
