0.286731	-4.90113e-12	0.662709	0.3	0.1	0.5	0	-0.785398	-0	-2.18166	-0	1.39626	-0
0.286834	0.000920598	0.661122	0.3	0.1	0.5	5.6e-05	-0.786053	0.001523	-2.18583	0.002131	1.39749	0.001421
0.28706	0.00302163	0.657576	0.3	0.1	0.5	0.000238	-0.787238	0.005027	-2.19483	0.006861	1.39965	0.004384
0.287382	0.00636524	0.651891	0.3	0.1	0.5	0.000639	-0.788797	0.01067	-2.20887	0.014174	1.40246	0.008607
0.287762	0.0108573	0.644175	0.3	0.1	0.5	0.001377	-0.790355	0.018371	-2.22735	0.023675	1.40551	0.013542
0.288067	0.0149206	0.637128	0.3	0.1	0.5	0.002236	-0.791246	0.025454	-2.24372	0.031984	1.40779	0.017396
0.288357	0.0191796	0.629688	0.3	0.1	0.5	0.003333	-0.791641	0.032997	-2.26052	0.040415	1.40982	0.020895
0.288598	0.0230486	0.622894	0.3	0.1	0.5	0.004508	-0.791505	0.039955	-2.27545	0.047825	1.41142	0.023638
0.288988	0.0298386	0.610906	0.3	0.1	0.5	0.006994	-0.790053	0.05241	-2.30082	0.060233	1.41376	0.027541
0.289248	0.0345995	0.602476	0.3	0.1	0.5	0.009081	-0.78804	0.061324	-2.31789	0.068431	1.4151	0.029642
0.289476	0.0387666	0.595093	0.3	0.1	0.5	0.011156	-0.785547	0.069243	-2.3323	0.075229	1.41609	0.031086
0.289678	0.0423566	0.588741	0.3	0.1	0.5	0.013142	-0.782814	0.076147	-2.34426	0.080771	1.41681	0.03205
0.28999	0.0475105	0.57965	0.3	0.1	0.5	0.016336	-0.777865	0.086179	-2.36063	0.088154	1.41761	0.033001
0.290262	0.0515803	0.572511	0.3	0.1	0.5	0.019164	-0.773045	0.094186	-2.37282	0.093449	1.41803	0.033414
0.290551	0.0554375	0.56579	0.3	0.1	0.5	0.022116	-0.767672	0.101826	-2.3837	0.097973	1.41822	0.033541
0.290857	0.0590805	0.559496	0.3	0.1	0.5	0.025165	-0.761832	0.109071	-2.3933	0.101751	1.41818	0.033435
0.291217	0.0628431	0.553065	0.3	0.1	0.5	0.028604	-0.754965	0.116561	-2.40248	0.105088	1.41789	0.033101
0.291565	0.0660472	0.547656	0.3	0.1	0.5	0.031785	-0.748407	0.122924	-2.40964	0.107425	1.41739	0.032641
0.291931	0.0690519	0.54265	0.3	0.1	0.5	0.034998	-0.741627	0.128859	-2.41575	0.109147	1.41668	0.032061
0.292237	0.0713166	0.538926	0.3	0.1	0.5	0.03758	-0.736091	0.133299	-2.41994	0.110114	1.41596	0.031526
0.292675	0.0742368	0.534194	0.3	0.1	0.5	0.041133	-0.728379	0.138962	-2.42477	0.110895	1.41475	0.030708
0.293129	0.0769428	0.529889	0.3	0.1	0.5	0.044672	-0.720626	0.144126	-2.42863	0.111106	1.41332	0.029814
0.293509	0.0790061	0.526665	0.3	0.1	0.5	0.047546	-0.714303	0.147994	-2.43113	0.110902	1.41198	0.029038
0.293982	0.0813527	0.523065	0.3	0.1	0.5	0.051023	-0.706651	0.1523	-2.43349	0.110244	1.41015	0.028046
0.294373	0.0831372	0.520382	0.3	0.1	0.5	0.05383	-0.70049	0.155495	-2.4349	0.109415	1.40852	0.027208
0.294808	0.0849839	0.517657	0.3	0.1	0.5	0.056901	-0.693782	0.158715	-2.436	0.108226	1.40658	0.026255
0.295284	0.0868592	0.514951	0.3	0.1	0.5	0.060215	-0.686607	0.161878	-2.4367	0.106639	1.40429	0.025186
0.295711	0.08843	0.512735	0.3	0.1	0.5	0.063162	-0.680296	0.16443	-2.43693	0.104985	1.4021	0.024202
0.29613	0.0898802	0.510735	0.3	0.1	0.5	0.066041	-0.67421	0.166694	-2.43685	0.103165	1.39982	0.023211
0.296539	0.0912177	0.508932	0.3	0.1	0.5	0.068849	-0.668364	0.168691	-2.43649	0.101212	1.39746	0.022218
0.296935	0.0924483	0.507311	0.3	0.1	0.5	0.071582	-0.66277	0.170439	-2.43591	0.099154	1.39504	0.021226
0.297316	0.0935782	0.505859	0.3	0.1	0.5	0.074236	-0.657439	0.171957	-2.43513	0.097017	1.39257	0.02024
0.297645	0.0945147	0.504684	0.3	0.1	0.5	0.076556	-0.652869	0.173143	-2.43431	0.095046	1.39033	0.019359
0.298029	0.0955609	0.503404	0.3	0.1	0.5	0.079299	-0.64758	0.174377	-2.43316	0.092598	1.38756	0.018296
0.298358	0.0964238	0.502376	0.3	0.1	0.5	0.081704	-0.643057	0.175311	-2.43202	0.090353	1.38505	0.017344
0.298668	0.0972093	0.501468	0.3	0.1	0.5	0.084024	-0.638803	0.176084	-2.43081	0.088106	1.38254	0.01641
0.29896	0.0979206	0.500669	0.3	0.1	0.5	0.086256	-0.634814	0.176708	-2.42955	0.08587	1.38005	0.015495
0.299231	0.0985636	0.499969	0.3	0.1	0.5	0.088402	-0.631088	0.177199	-2.42826	0.083658	1.37759	0.014601
0.299482	0.099142	0.499359	0.3	0.1	0.5	0.09046	-0.627616	0.177569	-2.42696	0.081478	1.37517	0.013731
0.299714	0.0996607	0.498832	0.3	0.1	0.5	0.092431	-0.624392	0.177831	-2.42565	0.07934	1.37279	0.012887
0.299906	0.10008	0.498421	0.3	0.1	0.5	0.094131	-0.621696	0.177984	-2.42449	0.077457	1.37069	0.012149
0.300119	0.100534	0.497995	0.3	0.1	0.5	0.096114	-0.618656	0.178074	-2.42309	0.075214	1.3682	0.011279
0.300294	0.100896	0.497673	0.3	0.1	0.5	0.097828	-0.616124	0.178076	-2.42184	0.073238	1.366	0.010518
0.300452	0.101214	0.497406	0.3	0.1	0.5	0.099458	-0.613805	0.17801	-2.42063	0.071323	1.36387	0.009786
0.300592	0.10149	0.49719	0.3	0.1	0.5	0.101006	-0.611688	0.177885	-2.41946	0.069475	1.36181	0.009085
0.300716	0.101728	0.497018	0.3	0.1	0.5	0.102475	-0.609763	0.177708	-2.41833	0.067693	1.35982	0.008414
0.300824	0.10193	0.496888	0.3	0.1	0.5	0.103865	-0.60802	0.177486	-2.41725	0.065981	1.35792	0.007774
0.300909	0.102085	0.496801	0.3	0.1	0.5	0.10505	-0.606598	0.177254	-2.41632	0.064499	1.35627	0.007224
0.300998	0.102241	0.496731	0.3	0.1	0.5	0.106418	-0.605038	0.176935	-2.41524	0.062765	1.35435	0.006586
0.301065	0.102355	0.496697	0.3	0.1	0.5	0.107585	-0.603779	0.176616	-2.41431	0.061263	1.35268	0.006038
0.30112	0.102443	0.496688	0.3	0.1	0.5	0.108683	-0.602662	0.176275	-2.41343	0.05983	1.3511	0.005519
0.301163	0.10251	0.496702	0.3	0.1	0.5	0.109714	-0.601678	0.175917	-2.41261	0.058466	1.3496	0.00503
0.301197	0.102557	0.496735	0.3	0.1	0.5	0.11068	-0.600816	0.175546	-2.41184	0.05717	1.34818	0.004569
0.301221	0.102585	0.496785	0.3	0.1	0.5	0.111584	-0.600068	0.175164	-2.41112	0.05594	1.34683	0.004136
0.301237	0.102597	0.496849	0.3	0.1	0.5	0.112428	-0.599426	0.174775	-2.41045	0.054775	1.34557	0.00373
0.301244	0.102594	0.496925	0.3	0.1	0.5	0.113215	-0.598882	0.174383	-2.40982	0.053673	1.34438	0.003351
0.301244	0.102579	0.497012	0.3	0.1	0.5	0.113948	-0.598427	0.173989	-2.40925	0.052633	1.34327	0.002996
0.301238	0.102551	0.497107	0.3	0.1	0.5	0.114628	-0.598054	0.173596	-2.40872	0.051653	1.34222	0.002666
0.301226	0.102515	0.497208	0.3	0.1	0.5	0.115259	-0.597756	0.173206	-2.40823	0.050731	1.34125	0.00236
0.301213	0.102479	0.497294	0.3	0.1	0.5	0.11573	-0.597567	0.172897	-2.40787	0.050033	1.34052	0.00213
0.301188	0.102415	0.497427	0.3	0.1	0.5	0.116382	-0.597358	0.17244	-2.40738	0.049051	1.3395	0.001812
0.301168	0.102368	0.497518	0.3	0.1	0.5	0.116783	-0.597265	0.172141	-2.40708	0.048438	1.33888	0.001616
0.301134	0.102291	0.497657	0.3	0.1	0.5	0.117336	-0.597185	0.171703	-2.40667	0.047578	1.33801	0.001346
0.301102	0.102221	0.497774	0.3	0.1	0.5	0.117755	-0.597168	0.171349	-2.40638	0.046913	1.33735	0.001141
0.301068	0.102148	0.497891	0.3	0.1	0.5	0.118138	-0.597191	0.171004	-2.40611	0.046294	1.33674	0.000953
0.301031	0.102073	0.498008	0.3	0.1	0.5	0.118489	-0.59725	0.170671	-2.40587	0.045718	1.33618	0.000781
0.300994	0.101995	0.498123	0.3	0.1	0.5	0.118808	-0.597339	0.170348	-2.40566	0.045183	1.33567	0.000625
0.300955	0.101915	0.498236	0.3	0.1	0.5	0.119097	-0.597455	0.170037	-2.40548	0.044687	1.33521	0.000483
0.300915	0.101835	0.498347	0.3	0.1	0.5	0.119359	-0.597594	0.169739	-2.40532	0.044227	1.33479	0.000354
0.300875	0.101755	0.498455	0.3	0.1	0.5	0.119595	-0.597753	0.169452	-2.40518	0.043804	1.33441	0.000239
0.300834	0.101674	0.49856	0.3	0.1	0.5	0.119808	-0.597929	0.169178	-2.40507	0.043413	1.33408	0.000134
0.300793	0.101595	0.498661	0.3	0.1	0.5	0.119998	-0.598118	0.168916	-2.40497	0.043053	1.33377	4.1e-05
0.300752	0.101515	0.498759	0.3	0.1	0.5	0.120167	-0.598319	0.168666	-2.40489	0.042723	1.3335	-4.2e-05
0.300712	0.101437	0.498853	0.3	0.1	0.5	0.120318	-0.598528	0.168428	-2.40483	0.042421	1.33326	-0.000115
0.300672	0.101361	0.498944	0.3	0.1	0.5	0.12045	-0.598744	0.168202	-2.40478	0.042145	1.33306	-0.00018
0.300633	0.101286	0.49903	0.3	0.1	0.5	0.120566	-0.598964	0.167989	-2.40475	0.041894	1.33287	-0.000237
0.300595	0.101213	0.499113	0.3	0.1	0.5	0.120667	-0.599188	0.167786	-2.40473	0.041666	1.33272	-0.000286
0.300558	0.101143	0.49919	0.3	0.1	0.5	0.120755	-0.599412	0.167595	-2.40472	0.041459	1.33258	-0.000329
0.300522	0.101074	0.499265	0.3	0.1	0.5	0.120829	-0.599637	0.167415	-2.40472	0.041272	1.33247	-0.000365
0.300486	0.101007	0.499334	0.3	0.1	0.5	0.120892	-0.59986	0.167246	-2.40473	0.041103	1.33237	-0.000395
0.300453	0.100943	0.4994	0.3	0.1	0.5	0.120944	-0.60008	0.167087	-2.40474	0.040952	1.33229	-0.000421
0.30042	0.100882	0.499462	0.3	0.1	0.5	0.120987	-0.600298	0.166938	-2.40477	0.040818	1.33223	-0.000441
0.300389	0.100823	0.49952	0.3	0.1	0.5	0.121021	-0.60051	0.166798	-2.4048	0.040698	1.33219	-0.000458
0.300358	0.100766	0.499575	0.3	0.1	0.5	0.121047	-0.600718	0.166668	-2.40483	0.040592	1.33215	-0.00047
0.30033	0.100712	0.499625	0.3	0.1	0.5	0.121065	-0.60092	0.166546	-2.40487	0.040499	1.33213	-0.000479
0.300305	0.100666	0.499668	0.3	0.1	0.5	0.121077	-0.601097	0.166445	-2.40491	0.040425	1.33212	-0.000484
0.300276	0.100611	0.499716	0.3	0.1	0.5	0.121084	-0.601306	0.166329	-2.40496	0.040346	1.33212	-0.000488
0.300252	0.100565	0.499757	0.3	0.1	0.5	0.121085	-0.601489	0.166232	-2.40501	0.040286	1.33213	-0.000488
0.300228	0.10052	0.499793	0.3	0.1	0.5	0.121082	-0.601664	0.166142	-2.40506	0.040234	1.33214	-0.000486
0.300207	0.100478	0.499828	0.3	0.1	0.5	0.121075	-0.601832	0.166059	-2.40511	0.040191	1.33216	-0.000483
0.300186	0.100439	0.499859	0.3	0.1	0.5	0.121064	-0.601993	0.165983	-2.40516	0.040155	1.33219	-0.000477
0.300166	0.100402	0.499888	0.3	0.1	0.5	0.121051	-0.602147	0.165913	-2.40521	0.040126	1.33222	-0.00047
0.300148	0.100366	0.499913	0.3	0.1	0.5	0.121034	-0.602292	0.165849	-2.40527	0.040104	1.33225	-0.000462
0.300131	0.100334	0.499937	0.3	0.1	0.5	0.121016	-0.60243	0.165791	-2.40532	0.040086	1.33229	-0.000453
0.300115	0.100303	0.499958	0.3	0.1	0.5	0.120995	-0.602561	0.165738	-2.40537	0.040074	1.33233	-0.000443
0.300101	0.100274	0.499977	0.3	0.1	0.5	0.120973	-0.602685	0.165689	-2.40543	0.040067	1.33238	-0.000432
0.300087	0.100247	0.499994	0.3	0.1	0.5	0.12095	-0.602801	0.165646	-2.40548	0.040063	1.33242	-0.000421
0.300075	0.100222	0.50001	0.3	0.1	0.5	0.120926	-0.60291	0.165606	-2.40553	0.040063	1.33247	-0.000409
0.300063	0.100198	0.500023	0.3	0.1	0.5	0.120901	-0.603013	0.165571	-2.40558	0.040067	1.33251	-0.000397
0.300052	0.100176	0.500035	0.3	0.1	0.5	0.120875	-0.603108	0.165539	-2.40563	0.040072	1.33256	-0.000384
0.300043	0.100156	0.500045	0.3	0.1	0.5	0.120849	-0.603198	0.165511	-2.40568	0.040081	1.33261	-0.000371
0.300034	0.100138	0.500054	0.3	0.1	0.5	0.120823	-0.603281	0.165486	-2.40572	0.040091	1.33266	-0.000359
0.300026	0.100121	0.500062	0.3	0.1	0.5	0.120797	-0.603358	0.165464	-2.40577	0.040103	1.33271	-0.000346
0.300018	0.100104	0.500067	0.3	0.1	0.5	0.120771	-0.603429	0.165444	-2.40581	0.040117	1.33275	-0.000334
0.300012	0.100091	0.500072	0.3	0.1	0.5	0.120747	-0.603489	0.165429	-2.40585	0.040131	1.33279	-0.000322
0.300006	0.100076	0.500077	0.3	0.1	0.5	0.120719	-0.603555	0.165413	-2.40589	0.040148	1.33284	-0.000309
0.300001	0.100066	0.50008	0.3	0.1	0.5	0.120697	-0.603606	0.165402	-2.40592	0.040163	1.33288	-0.000298
0.299996	0.100053	0.500083	0.3	0.1	0.5	0.12067	-0.603662	0.16539	-2.40596	0.040183	1.33293	-0.000285
0.299992	0.100043	0.500084	0.3	0.1	0.5	0.120646	-0.603708	0.165382	-2.40599	0.040201	1.33297	-0.000274
0.299989	0.100035	0.500085	0.3	0.1	0.5	0.120625	-0.603746	0.165375	-2.40602	0.040217	1.333	-0.000264
0.299985	0.100026	0.500086	0.3	0.1	0.5	0.1206	-0.603788	0.165369	-2.40606	0.040237	1.33305	-0.000252
0.299982	0.100018	0.500085	0.3	0.1	0.5	0.120578	-0.603823	0.165365	-2.40609	0.040256	1.33308	-0.000241
0.299981	0.100012	0.500085	0.3	0.1	0.5	0.120559	-0.60385	0.165362	-2.40611	0.040273	1.33311	-0.000232
0.299978	0.100006	0.500084	0.3	0.1	0.5	0.120537	-0.603881	0.16536	-2.40614	0.040293	1.33315	-0.000222
0.299977	0.100001	0.500083	0.3	0.1	0.5	0.120519	-0.603903	0.165359	-2.40616	0.040309	1.33318	-0.000213
0.299975	0.0999958	0.500081	0.3	0.1	0.5	0.120499	-0.603927	0.165359	-2.40618	0.040329	1.33321	-0.000203
0.299975	0.0999914	0.500079	0.3	0.1	0.5	0.120481	-0.603946	0.165359	-2.4062	0.040346	1.33324	-0.000195
0.299974	0.0999879	0.500076	0.3	0.1	0.5	0.120464	-0.603962	0.16536	-2.40622	0.040364	1.33326	-0.000187
0.299974	0.0999849	0.500074	0.3	0.1	0.5	0.120448	-0.603976	0.165362	-2.40624	0.04038	1.33329	-0.000179
0.299973	0.0999819	0.500071	0.3	0.1	0.5	0.120432	-0.603988	0.165364	-2.40625	0.040396	1.33331	-0.000172
0.299973	0.09998	0.500069	0.3	0.1	0.5	0.120418	-0.603998	0.165367	-2.40627	0.040412	1.33333	-0.000165
0.299973	0.099978	0.500066	0.3	0.1	0.5	0.120404	-0.604007	0.16537	-2.40628	0.040427	1.33335	-0.000159
0.299974	0.0999764	0.500063	0.3	0.1	0.5	0.120391	-0.604014	0.165373	-2.4063	0.040442	1.33337	-0.000152
0.299974	0.0999754	0.500061	0.3	0.1	0.5	0.120379	-0.604019	0.165377	-2.40631	0.040456	1.33339	-0.000147
0.299974	0.0999745	0.500057	0.3	0.1	0.5	0.120367	-0.604023	0.165381	-2.40632	0.04047	1.33341	-0.000141
0.299975	0.0999735	0.500055	0.3	0.1	0.5	0.120356	-0.604026	0.165384	-2.40633	0.040483	1.33342	-0.000136
0.299976	0.099973	0.500052	0.3	0.1	0.5	0.120346	-0.604027	0.165388	-2.40634	0.040495	1.33344	-0.000131
0.299977	0.0999725	0.500049	0.3	0.1	0.5	0.120336	-0.604028	0.165392	-2.40634	0.040507	1.33345	-0.000127
0.299977	0.0999727	0.500046	0.3	0.1	0.5	0.120327	-0.604028	0.165397	-2.40635	0.040518	1.33346	-0.000123
0.299978	0.0999728	0.500043	0.3	0.1	0.5	0.120319	-0.604027	0.165401	-2.40636	0.040529	1.33347	-0.000119
0.299979	0.0999729	0.500041	0.3	0.1	0.5	0.120311	-0.604026	0.165405	-2.40636	0.040539	1.33348	-0.000115
0.29998	0.0999733	0.500038	0.3	0.1	0.5	0.120304	-0.604024	0.165409	-2.40637	0.040549	1.33349	-0.000112
0.299981	0.0999739	0.500036	0.3	0.1	0.5	0.120298	-0.604021	0.165413	-2.40637	0.040558	1.3335	-0.000109
0.299982	0.0999741	0.500033	0.3	0.1	0.5	0.120291	-0.604018	0.165417	-2.40638	0.040566	1.33351	-0.000106
0.299983	0.0999748	0.500031	0.3	0.1	0.5	0.120287	-0.604015	0.16542	-2.40638	0.040573	1.33351	-0.000104
0.299984	0.0999754	0.500028	0.3	0.1	0.5	0.120281	-0.604011	0.165424	-2.40638	0.040582	1.33352	-0.000101
0.299985	0.0999762	0.500026	0.3	0.1	0.5	0.120276	-0.604007	0.165428	-2.40638	0.040589	1.33352	-9.9e-05
0.299985	0.0999769	0.500024	0.3	0.1	0.5	0.120271	-0.604003	0.165432	-2.40639	0.040596	1.33353	-9.6e-05
0.299986	0.0999775	0.500022	0.3	0.1	0.5	0.120267	-0.603999	0.165435	-2.40639	0.040602	1.33353	-9.5e-05
0.299987	0.0999785	0.50002	0.3	0.1	0.5	0.120264	-0.603994	0.165438	-2.40639	0.040608	1.33353	-9.3e-05
0.299988	0.0999797	0.500019	0.3	0.1	0.5	0.120261	-0.60399	0.165442	-2.40639	0.040614	1.33354	-9.1e-05
0.299989	0.0999805	0.500017	0.3	0.1	0.5	0.120258	-0.603985	0.165445	-2.40639	0.040619	1.33354	-9e-05
0.29999	0.0999809	0.500015	0.3	0.1	0.5	0.120255	-0.603981	0.165447	-2.40639	0.040623	1.33354	-8.9e-05
0.29999	0.099982	0.500014	0.3	0.1	0.5	0.120253	-0.603977	0.16545	-2.40639	0.040628	1.33354	-8.8e-05
0.299991	0.0999827	0.500012	0.3	0.1	0.5	0.12025	-0.603972	0.165453	-2.40639	0.040632	1.33354	-8.7e-05
0.299992	0.0999837	0.500011	0.3	0.1	0.5	0.120249	-0.603968	0.165455	-2.40639	0.040636	1.33354	-8.6e-05
0.299993	0.0999846	0.50001	0.3	0.1	0.5	0.120247	-0.603964	0.165458	-2.40639	0.040639	1.33355	-8.5e-05
0.299993	0.0999852	0.500009	0.3	0.1	0.5	0.120245	-0.603959	0.16546	-2.40639	0.040642	1.33355	-8.4e-05
0.299994	0.0999861	0.500008	0.3	0.1	0.5	0.120244	-0.603955	0.165462	-2.40639	0.040645	1.33355	-8.4e-05
0.299994	0.0999868	0.500007	0.3	0.1	0.5	0.120243	-0.603952	0.165464	-2.40639	0.040648	1.33355	-8.3e-05
0.299995	0.0999877	0.500006	0.3	0.1	0.5	0.120242	-0.603948	0.165466	-2.40639	0.040651	1.33355	-8.3e-05
0.299996	0.0999885	0.500005	0.3	0.1	0.5	0.120241	-0.603944	0.165468	-2.40639	0.040653	1.33355	-8.2e-05
0.299996	0.0999892	0.500004	0.3	0.1	0.5	0.120241	-0.603941	0.165469	-2.40638	0.040655	1.33354	-8.2e-05
0.299996	0.0999899	0.500003	0.3	0.1	0.5	0.12024	-0.603937	0.165471	-2.40638	0.040657	1.33354	-8.2e-05
0.299997	0.0999905	0.500003	0.3	0.1	0.5	0.12024	-0.603934	0.165472	-2.40638	0.040658	1.33354	-8.2e-05
0.299997	0.0999912	0.500002	0.3	0.1	0.5	0.120239	-0.603931	0.165474	-2.40638	0.04066	1.33354	-8.2e-05
0.299998	0.0999917	0.500002	0.3	0.1	0.5	0.120239	-0.603928	0.165475	-2.40638	0.040661	1.33354	-8.1e-05
0.299998	0.0999924	0.500001	0.3	0.1	0.5	0.120239	-0.603925	0.165476	-2.40638	0.040663	1.33354	-8.1e-05
0.299998	0.0999929	0.500001	0.3	0.1	0.5	0.120239	-0.603923	0.165477	-2.40638	0.040664	1.33354	-8.1e-05
0.299998	0.0999935	0.5	0.3	0.1	0.5	0.120239	-0.603921	0.165478	-2.40638	0.040665	1.33354	-8.1e-05
0.299999	0.0999939	0.5	0.3	0.1	0.5	0.120239	-0.603918	0.165479	-2.40638	0.040665	1.33354	-8.1e-05
0.299999	0.0999941	0.5	0.3	0.1	0.5	0.120239	-0.603917	0.165479	-2.40638	0.040666	1.33354	-8.1e-05
0.299999	0.0999947	0.499999	0.3	0.1	0.5	0.120239	-0.603914	0.16548	-2.40637	0.040667	1.33354	-8.1e-05
0.3	0.0999954	0.499999	0.3	0.1	0.5	0.12024	-0.603912	0.165481	-2.40637	0.040667	1.33353	-8.1e-05
0.3	0.0999959	0.499999	0.3	0.1	0.5	0.12024	-0.603911	0.165482	-2.40637	0.040668	1.33353	-8.2e-05
0.3	0.099996	0.499999	0.3	0.1	0.5	0.12024	-0.603909	0.165482	-2.40637	0.040668	1.33353	-8.2e-05
0.3	0.0999965	0.499999	0.3	0.1	0.5	0.12024	-0.603907	0.165483	-2.40637	0.040669	1.33353	-8.2e-05
0.3	0.0999969	0.499999	0.3	0.1	0.5	0.120241	-0.603906	0.165483	-2.40637	0.040669	1.33353	-8.2e-05
0.3	0.0999973	0.499999	0.3	0.1	0.5	0.120241	-0.603905	0.165484	-2.40637	0.040669	1.33353	-8.2e-05
0.3	0.0999973	0.499998	0.3	0.1	0.5	0.120241	-0.603903	0.165484	-2.40637	0.040669	1.33353	-8.2e-05
0.300001	0.0999977	0.499998	0.3	0.1	0.5	0.120242	-0.603902	0.165484	-2.40637	0.04067	1.33353	-8.2e-05
0.300001	0.0999978	0.499998	0.3	0.1	0.5	0.120242	-0.603901	0.165484	-2.40637	0.04067	1.33353	-8.3e-05
0.300001	0.0999982	0.499999	0.3	0.1	0.5	0.120242	-0.603901	0.165485	-2.40637	0.04067	1.33353	-8.3e-05
0.300001	0.0999985	0.499998	0.3	0.1	0.5	0.120243	-0.6039	0.165485	-2.40637	0.04067	1.33353	-8.3e-05
0.300001	0.0999985	0.499998	0.3	0.1	0.5	0.120243	-0.603899	0.165485	-2.40636	0.04067	1.33352	-8.3e-05
0.300001	0.0999989	0.499998	0.3	0.1	0.5	0.120244	-0.603898	0.165485	-2.40636	0.04067	1.33352	-8.3e-05
0.300001	0.0999989	0.499998	0.3	0.1	0.5	0.120244	-0.603898	0.165485	-2.40636	0.04067	1.33352	-8.3e-05
0.300001	0.0999988	0.499998	0.3	0.1	0.5	0.120244	-0.603897	0.165485	-2.40636	0.040669	1.33352	-8.3e-05
0.300001	0.0999995	0.499998	0.3	0.1	0.5	0.120245	-0.603897	0.165486	-2.40636	0.040669	1.33352	-8.4e-05
0.300001	0.0999995	0.499998	0.3	0.1	0.5	0.120245	-0.603896	0.165486	-2.40636	0.040669	1.33352	-8.4e-05
0.300001	0.0999995	0.499999	0.3	0.1	0.5	0.120245	-0.603896	0.165486	-2.40636	0.040669	1.33352	-8.4e-05
0.300001	0.0999998	0.499999	0.3	0.1	0.5	0.120246	-0.603896	0.165486	-2.40636	0.040669	1.33352	-8.4e-05
0.300001	0.0999998	0.499998	0.3	0.1	0.5	0.120246	-0.603895	0.165486	-2.40636	0.040669	1.33352	-8.4e-05
0.300001	0.0999999	0.499999	0.3	0.1	0.5	0.120246	-0.603895	0.165486	-2.40636	0.040669	1.33352	-8.4e-05
0.300001	0.0999998	0.499999	0.3	0.1	0.5	0.120246	-0.603895	0.165486	-2.40636	0.040669	1.33352	-8.4e-05
0.300001	0.1	0.499999	0.3	0.1	0.5	0.120247	-0.603895	0.165486	-2.40636	0.040668	1.33352	-8.5e-05
0.300001	0.1	0.499999	0.3	0.1	0.5	0.120247	-0.603895	0.165486	-2.40636	0.040668	1.33352	-8.5e-05
0.300001	0.1	0.499999	0.3	0.1	0.5	0.120247	-0.603895	0.165486	-2.40636	0.040668	1.33352	-8.5e-05
0.300001	0.1	0.499999	0.3	0.1	0.5	0.120247	-0.603895	0.165486	-2.40636	0.040668	1.33352	-8.5e-05
0.300001	0.1	0.499999	0.3	0.1	0.5	0.120248	-0.603895	0.165486	-2.40636	0.040668	1.33352	-8.5e-05
0.300001	0.1	0.499999	0.3	0.1	0.5	0.120248	-0.603895	0.165485	-2.40636	0.040668	1.33352	-8.5e-05
0.300001	0.0999999	0.499999	0.3	0.1	0.5	0.120248	-0.603895	0.165485	-2.40636	0.040667	1.33352	-8.5e-05
0.300001	0.1	0.499999	0.3	0.1	0.5	0.120248	-0.603895	0.165485	-2.40636	0.040667	1.33352	-8.5e-05
0.300001	0.1	0.499999	0.3	0.1	0.5	0.120248	-0.603895	0.165485	-2.40636	0.040667	1.33352	-8.5e-05
0.300001	0.1	0.499999	0.3	0.1	0.5	0.120249	-0.603895	0.165485	-2.40636	0.040667	1.33352	-8.5e-05
0.3	0.1	0.499999	0.3	0.1	0.5	0.120249	-0.603895	0.165485	-2.40636	0.040667	1.33352	-8.5e-05
0.3	0.1	0.499999	0.3	0.1	0.5	0.120249	-0.603895	0.165485	-2.40636	0.040667	1.33352	-8.6e-05
0.3	0.1	0.499999	0.3	0.1	0.5	0.120249	-0.603895	0.165485	-2.40636	0.040667	1.33352	-8.6e-05
0.3	0.1	0.499999	0.3	0.1	0.5	0.120249	-0.603895	0.165485	-2.40636	0.040667	1.33352	-8.6e-05
0.3	0.1	0.499999	0.3	0.1	0.5	0.120249	-0.603895	0.165485	-2.40636	0.040666	1.33352	-8.6e-05
0.3	0.1	0.499999	0.3	0.1	0.5	0.120249	-0.603895	0.165485	-2.40636	0.040666	1.33352	-8.6e-05
0.3	0.1	0.499999	0.3	0.1	0.5	0.12025	-0.603895	0.165485	-2.40636	0.040666	1.33352	-8.6e-05
0.3	0.1	0.499999	0.3	0.1	0.5	0.12025	-0.603895	0.165485	-2.40636	0.040666	1.33352	-8.6e-05
0.3	0.1	0.499999	0.3	0.1	0.5	0.12025	-0.603895	0.165485	-2.40636	0.040666	1.33351	-8.6e-05
0.3	0.1	0.499999	0.3	0.1	0.5	0.12025	-0.603895	0.165485	-2.40636	0.040666	1.33351	-8.6e-05
0.3	0.1	0.5	0.3	0.1	0.5	0.12025	-0.603896	0.165485	-2.40636	0.040666	1.33351	-8.6e-05
0.3	0.1	0.5	0.3	0.1	0.5	0.12025	-0.603896	0.165485	-2.40636	0.040666	1.33351	-8.6e-05
0.3	0.1	0.5	0.3	0.1	0.5	0.12025	-0.603896	0.165485	-2.40636	0.040666	1.33351	-8.6e-05
0.3	0.1	0.5	0.3	0.1	0.5	0.12025	-0.603896	0.165485	-2.40636	0.040666	1.33351	-8.6e-05
0.3	0.1	0.5	0.3	0.1	0.5	0.12025	-0.603896	0.165485	-2.40636	0.040665	1.33351	-8.6e-05
0.3	0.1	0.5	0.3	0.1	0.5	0.12025	-0.603896	0.165485	-2.40636	0.040665	1.33351	-8.6e-05
0.3	0.0999999	0.5	0.3	0.1	0.5	0.12025	-0.603896	0.165484	-2.40636	0.040665	1.33351	-8.6e-05
0.3	0.0999999	0.5	0.3	0.1	0.5	0.12025	-0.603896	0.165484	-2.40636	0.040665	1.33351	-8.6e-05
0.3	0.0999999	0.5	0.3	0.1	0.5	0.12025	-0.603896	0.165484	-2.40636	0.040665	1.33351	-8.6e-05
0.3	0.0999999	0.5	0.3	0.1	0.5	0.12025	-0.603896	0.165484	-2.40636	0.040665	1.33351	-8.6e-05
0.3	0.1	0.5	0.3	0.1	0.5	0.120251	-0.603896	0.165484	-2.40636	0.040665	1.33351	-8.6e-05
0.3	0.1	0.5	0.3	0.1	0.5	0.120251	-0.603897	0.165484	-2.40636	0.040665	1.33351	-8.6e-05
0.3	0.1	0.5	0.3	0.1	0.5	0.120251	-0.603897	0.165484	-2.40636	0.040665	1.33351	-8.6e-05
0.3	0.1	0.5	0.3	0.1	0.5	0.120251	-0.603897	0.165484	-2.40636	0.040665	1.33351	-8.6e-05
0.3	0.1	0.5	0.3	0.1	0.5	0.120251	-0.603897	0.165484	-2.40636	0.040665	1.33351	-8.6e-05
0.3	0.1	0.5	0.3	0.1	0.5	0.120251	-0.603897	0.165484	-2.40636	0.040665	1.33351	-8.6e-05
0.3	0.1	0.5	0.3	0.1	0.5	0.120251	-0.603897	0.165484	-2.40636	0.040665	1.33351	-8.6e-05
0.3	0.1	0.5	0.3	0.1	0.5	0.120251	-0.603897	0.165484	-2.40636	0.040665	1.33351	-8.6e-05
0.3	0.1	0.5	0.3	0.1	0.5	0.120251	-0.603897	0.165484	-2.40636	0.040665	1.33351	-8.6e-05
0.3	0.1	0.5	0.3	0.1	0.5	0.120251	-0.603897	0.165484	-2.40636	0.040665	1.33352	-8.6e-05
0.3	0.1	0.5	0.3	0.1	0.5	0.120251	-0.603897	0.165484	-2.40636	0.040665	1.33352	-8.6e-05
0.3	0.1	0.5	0.3	0.1	0.5	0.120251	-0.603897	0.165484	-2.40636	0.040665	1.33352	-8.6e-05
0.3	0.1	0.5	0.3	0.1	0.5	0.120251	-0.603897	0.165484	-2.40636	0.040665	1.33352	-8.6e-05
0.3	0.1	0.5	0.3	0.1	0.5	0.120251	-0.603897	0.165484	-2.40636	0.040665	1.33352	-8.6e-05
0.3	0.1	0.5	0.3	0.1	0.5	0.120251	-0.603897	0.165484	-2.40636	0.040665	1.33352	-8.6e-05
0.3	0.1	0.5	0.3	0.1	0.5	0.120251	-0.603897	0.165484	-2.40636	0.040665	1.33352	-8.6e-05
0.3	0.1	0.5	0.3	0.1	0.5	0.120251	-0.603897	0.165484	-2.40636	0.040665	1.33352	-8.6e-05
0.3	0.1	0.5	0.3	0.1	0.5	0.120251	-0.603897	0.165484	-2.40636	0.040665	1.33352	-8.6e-05
0.3	0.1	0.5	0.3	0.1	0.5	0.120251	-0.603897	0.165484	-2.40636	0.040665	1.33352	-8.6e-05
0.3	0.1	0.5	0.3	0.1	0.5	0.120251	-0.603897	0.165484	-2.40636	0.040665	1.33352	-8.6e-05
0.3	0.1	0.5	0.3	0.1	0.5	0.120251	-0.603897	0.165484	-2.40636	0.040665	1.33352	-8.6e-05
0.3	0.1	0.5	0.3	0.1	0.5	0.120251	-0.603897	0.165484	-2.40636	0.040665	1.33352	-8.6e-05
0.3	0.1	0.5	0.3	0.1	0.5	0.120251	-0.603897	0.165484	-2.40636	0.040664	1.33352	-8.6e-05
0.3	0.1	0.5	0.3	0.1	0.5	0.120251	-0.603897	0.165484	-2.40636	0.040664	1.33352	-8.6e-05
0.3	0.1	0.5	0.3	0.1	0.5	0.120251	-0.603898	0.165484	-2.40636	0.040664	1.33352	-8.6e-05
0.3	0.1	0.5	0.3	0.1	0.5	0.120251	-0.603898	0.165484	-2.40636	0.040664	1.33352	-8.6e-05
0.3	0.1	0.5	0.3	0.1	0.5	0.120251	-0.603898	0.165484	-2.40636	0.040664	1.33352	-8.6e-05
0.3	0.1	0.5	0.3	0.1	0.5	0.120251	-0.603898	0.165484	-2.40636	0.040664	1.33352	-8.6e-05
0.3	0.1	0.5	0.3	0.1	0.5	0.120251	-0.603898	0.165484	-2.40636	0.040664	1.33352	-8.6e-05
0.3	0.1	0.5	0.3	0.1	0.5	0.120251	-0.603898	0.165484	-2.40636	0.040664	1.33352	-8.6e-05
0.3	0.1	0.5	0.3	0.1	0.5	0.120251	-0.603898	0.165484	-2.40636	0.040664	1.33352	-8.6e-05
0.3	0.1	0.5	0.3	0.1	0.5	0.120251	-0.603898	0.165484	-2.40636	0.040664	1.33352	-8.6e-05
0.3	0.1	0.5	0.3	0.1	0.5	0.120251	-0.603898	0.165484	-2.40636	0.040664	1.33352	-8.6e-05
0.3	0.1	0.5	0.3	0.1	0.5	0.120251	-0.603898	0.165484	-2.40636	0.040664	1.33352	-8.6e-05
0.3	0.1	0.5	0.3	0.1	0.5	0.120251	-0.603898	0.165484	-2.40636	0.040664	1.33352	-8.6e-05
0.3	0.1	0.5	0.3	0.1	0.5	0.120251	-0.603898	0.165484	-2.40636	0.040664	1.33352	-8.6e-05
0.3	0.1	0.5	0.3	0.1	0.5	0.120251	-0.603898	0.165484	-2.40636	0.040664	1.33352	-8.6e-05
0.3	0.1	0.5	0.3	0.1	0.5	0.120251	-0.603898	0.165484	-2.40636	0.040664	1.33352	-8.6e-05
0.3	0.1	0.5	0.3	0.1	0.5	0.120251	-0.603898	0.165484	-2.40636	0.040664	1.33352	-8.6e-05
0.3	0.1	0.5	0.3	0.1	0.5	0.120251	-0.603897	0.165484	-2.40636	0.040664	1.33352	-8.6e-05
0.3	0.0999997	0.5	0.3	0.1	0.5	0.12025	-0.603897	0.165484	-2.40636	0.040664	1.33352	-8.6e-05
0.3	0.0999998	0.5	0.3	0.1	0.5	0.12025	-0.603897	0.165484	-2.40636	0.040664	1.33352	-8.6e-05
0.3	0.0999998	0.5	0.3	0.1	0.5	0.12025	-0.603897	0.165484	-2.40636	0.040664	1.33352	-8.6e-05
0.3	0.0999998	0.5	0.3	0.1	0.5	0.12025	-0.603897	0.165484	-2.40636	0.040664	1.33352	-8.6e-05
0.3	0.0999998	0.5	0.3	0.1	0.5	0.12025	-0.603897	0.165484	-2.40636	0.040664	1.33352	-8.6e-05
0.3	0.0999999	0.5	0.3	0.1	0.5	0.12025	-0.603897	0.165484	-2.40636	0.040665	1.33352	-8.6e-05
0.3	0.0999999	0.5	0.3	0.1	0.5	0.12025	-0.603897	0.165484	-2.40636	0.040665	1.33352	-8.6e-05
0.3	0.0999999	0.5	0.3	0.1	0.5	0.12025	-0.603897	0.165484	-2.40636	0.040665	1.33352	-8.6e-05
0.3	0.0999999	0.5	0.3	0.1	0.5	0.12025	-0.603897	0.165484	-2.40636	0.040665	1.33352	-8.6e-05
0.3	0.0999999	0.5	0.3	0.1	0.5	0.12025	-0.603897	0.165484	-2.40636	0.040665	1.33352	-8.6e-05
0.3	0.0999999	0.5	0.3	0.1	0.5	0.12025	-0.603897	0.165484	-2.40636	0.040665	1.33352	-8.6e-05
0.3	0.0999999	0.5	0.3	0.1	0.5	0.12025	-0.603898	0.165484	-2.40636	0.040665	1.33352	-8.6e-05
0.3	0.0999998	0.5	0.3	0.1	0.5	0.12025	-0.603898	0.165484	-2.40636	0.040665	1.33352	-8.6e-05
0.3	0.0999998	0.5	0.3	0.1	0.5	0.12025	-0.603898	0.165484	-2.40636	0.040665	1.33352	-8.6e-05
0.3	0.1	0.5	0.3	0.1	0.5	0.120251	-0.603898	0.165484	-2.40636	0.040665	1.33352	-8.6e-05
0.3	0.1	0.5	0.3	0.1	0.5	0.120251	-0.603898	0.165484	-2.40636	0.040665	1.33352	-8.6e-05
0.3	0.1	0.5	0.3	0.1	0.5	0.120251	-0.603898	0.165484	-2.40636	0.040665	1.33352	-8.6e-05
0.3	0.1	0.5	0.3	0.1	0.5	0.120251	-0.603898	0.165484	-2.40636	0.040665	1.33352	-8.6e-05
0.3	0.1	0.5	0.3	0.1	0.5	0.120251	-0.603897	0.165484	-2.40636	0.040665	1.33352	-8.6e-05
0.3	0.1	0.5	0.3	0.1	0.5	0.120251	-0.603897	0.165484	-2.40636	0.040665	1.33352	-8.6e-05
0.3	0.1	0.5	0.3	0.1	0.5	0.120251	-0.603897	0.165484	-2.40636	0.040665	1.33352	-8.6e-05
0.3	0.1	0.5	0.3	0.1	0.5	0.120251	-0.603897	0.165484	-2.40636	0.040665	1.33352	-8.6e-05
0.3	0.1	0.5	0.3	0.1	0.5	0.120251	-0.603898	0.165484	-2.40636	0.040665	1.33352	-8.6e-05
0.3	0.1	0.5	0.3	0.1	0.5	0.120251	-0.603898	0.165484	-2.40636	0.040665	1.33352	-8.6e-05
0.3	0.1	0.5	0.3	0.1	0.5	0.120251	-0.603898	0.165484	-2.40636	0.040665	1.33352	-8.6e-05
0.3	0.1	0.5	0.3	0.1	0.5	0.120251	-0.603897	0.165484	-2.40636	0.040664	1.33352	-8.6e-05
0.3	0.1	0.5	0.3	0.1	0.5	0.120251	-0.603897	0.165484	-2.40636	0.040664	1.33352	-8.6e-05
0.3	0.0999998	0.5	0.3	0.1	0.5	0.12025	-0.603897	0.165484	-2.40636	0.040664	1.33352	-8.6e-05
0.3	0.0999997	0.5	0.3	0.1	0.5	0.12025	-0.603898	0.165484	-2.40636	0.040664	1.33352	-8.6e-05
0.3	0.0999997	0.5	0.3	0.1	0.5	0.12025	-0.603898	0.165484	-2.40636	0.040664	1.33352	-8.6e-05
0.3	0.0999997	0.5	0.3	0.1	0.5	0.12025	-0.603898	0.165484	-2.40636	0.040664	1.33352	-8.6e-05
0.3	0.0999998	0.5	0.3	0.1	0.5	0.12025	-0.603897	0.165484	-2.40636	0.040665	1.33352	-8.6e-05
0.3	0.0999999	0.5	0.3	0.1	0.5	0.12025	-0.603897	0.165484	-2.40636	0.040665	1.33352	-8.6e-05
0.3	0.0999999	0.5	0.3	0.1	0.5	0.12025	-0.603897	0.165484	-2.40636	0.040665	1.33352	-8.6e-05
0.3	0.0999999	0.5	0.3	0.1	0.5	0.12025	-0.603898	0.165484	-2.40636	0.040665	1.33352	-8.6e-05
0.3	0.0999999	0.5	0.3	0.1	0.5	0.12025	-0.603898	0.165484	-2.40636	0.040665	1.33352	-8.6e-05
0.3	0.0999998	0.5	0.3	0.1	0.5	0.12025	-0.603898	0.165484	-2.40636	0.040665	1.33352	-8.6e-05
0.3	0.0999998	0.5	0.3	0.1	0.5	0.12025	-0.603898	0.165484	-2.40636	0.040665	1.33352	-8.6e-05
0.3	0.0999998	0.5	0.3	0.1	0.5	0.12025	-0.603897	0.165484	-2.40636	0.040665	1.33352	-8.6e-05
0.3	0.0999998	0.5	0.3	0.1	0.5	0.12025	-0.603897	0.165484	-2.40636	0.040665	1.33352	-8.6e-05
0.3	0.0999999	0.5	0.3	0.1	0.5	0.12025	-0.603897	0.165484	-2.40636	0.040665	1.33352	-8.6e-05
0.3	0.0999999	0.5	0.3	0.1	0.5	0.12025	-0.603897	0.165484	-2.40636	0.040665	1.33352	-8.6e-05
0.3	0.0999999	0.5	0.3	0.1	0.5	0.12025	-0.603898	0.165484	-2.40636	0.040665	1.33352	-8.6e-05
0.3	0.1	0.5	0.3	0.1	0.5	0.120251	-0.603898	0.165484	-2.40636	0.040665	1.33352	-8.6e-05
0.3	0.1	0.5	0.3	0.1	0.5	0.120251	-0.603898	0.165484	-2.40636	0.040665	1.33352	-8.6e-05
0.3	0.1	0.5	0.3	0.1	0.5	0.120251	-0.603898	0.165484	-2.40636	0.040665	1.33352	-8.6e-05
0.3	0.1	0.5	0.3	0.1	0.5	0.120251	-0.603898	0.165484	-2.40636	0.040665	1.33352	-8.6e-05
0.3	0.1	0.5	0.3	0.1	0.5	0.120251	-0.603897	0.165484	-2.40636	0.040665	1.33352	-8.6e-05
0.3	0.1	0.5	0.3	0.1	0.5	0.120251	-0.603897	0.165484	-2.40636	0.040665	1.33352	-8.6e-05
0.3	0.1	0.5	0.3	0.1	0.5	0.120251	-0.603897	0.165484	-2.40636	0.040665	1.33352	-8.6e-05
0.3	0.1	0.5	0.3	0.1	0.5	0.120251	-0.603897	0.165484	-2.40636	0.040665	1.33352	-8.6e-05
0.3	0.1	0.5	0.3	0.1	0.5	0.120251	-0.603897	0.165484	-2.40636	0.040665	1.33352	-8.6e-05
0.3	0.1	0.5	0.3	0.1	0.5	0.120251	-0.603897	0.165484	-2.40636	0.040665	1.33352	-8.6e-05
0.3	0.1	0.5	0.3	0.1	0.5	0.120251	-0.603898	0.165484	-2.40636	0.040665	1.33352	-8.6e-05
0.3	0.0999999	0.5	0.3	0.1	0.5	0.12025	-0.603898	0.165484	-2.40636	0.040665	1.33352	-8.6e-05
0.3	0.0999998	0.5	0.3	0.1	0.5	0.12025	-0.603898	0.165484	-2.40636	0.040665	1.33352	-8.6e-05
0.3	0.0999998	0.5	0.3	0.1	0.5	0.12025	-0.603898	0.165484	-2.40636	0.040665	1.33352	-8.6e-05
0.3	0.0999998	0.5	0.3	0.1	0.5	0.12025	-0.603898	0.165484	-2.40636	0.040665	1.33352	-8.6e-05
0.3	0.0999998	0.5	0.3	0.1	0.5	0.12025	-0.603898	0.165484	-2.40636	0.040665	1.33352	-8.6e-05
0.3	0.0999998	0.5	0.3	0.1	0.5	0.12025	-0.603897	0.165484	-2.40636	0.040665	1.33352	-8.6e-05
0.3	0.0999999	0.5	0.3	0.1	0.5	0.12025	-0.603897	0.165484	-2.40636	0.040665	1.33352	-8.6e-05
0.3	0.0999999	0.5	0.3	0.1	0.5	0.12025	-0.603897	0.165484	-2.40636	0.040665	1.33352	-8.6e-05
0.3	0.0999999	0.5	0.3	0.1	0.5	0.12025	-0.603897	0.165484	-2.40636	0.040665	1.33352	-8.6e-05
0.3	0.0999999	0.5	0.3	0.1	0.5	0.12025	-0.603897	0.165484	-2.40636	0.040665	1.33352	-8.6e-05
0.3	0.0999999	0.5	0.3	0.1	0.5	0.12025	-0.603898	0.165484	-2.40636	0.040665	1.33352	-8.6e-05
0.3	0.0999999	0.5	0.3	0.1	0.5	0.12025	-0.603898	0.165484	-2.40636	0.040665	1.33352	-8.6e-05
0.3	0.0999998	0.5	0.3	0.1	0.5	0.12025	-0.603898	0.165484	-2.40636	0.040665	1.33352	-8.6e-05
0.3	0.0999998	0.5	0.3	0.1	0.5	0.12025	-0.603898	0.165484	-2.40636	0.040665	1.33352	-8.6e-05
0.3	0.0999998	0.5	0.3	0.1	0.5	0.12025	-0.603898	0.165484	-2.40636	0.040665	1.33352	-8.6e-05
0.3	0.0999998	0.5	0.3	0.1	0.5	0.12025	-0.603898	0.165484	-2.40636	0.040665	1.33352	-8.6e-05
0.3	0.0999998	0.5	0.3	0.1	0.5	0.12025	-0.603897	0.165484	-2.40636	0.040665	1.33352	-8.6e-05
0.3	0.0999999	0.5	0.3	0.1	0.5	0.12025	-0.603897	0.165484	-2.40636	0.040665	1.33352	-8.6e-05
0.3	0.0999999	0.5	0.3	0.1	0.5	0.12025	-0.603897	0.165484	-2.40636	0.040665	1.33352	-8.6e-05
0.3	0.0999999	0.5	0.3	0.1	0.5	0.12025	-0.603897	0.165484	-2.40636	0.040665	1.33352	-8.6e-05
0.3	0.0999999	0.5	0.3	0.1	0.5	0.12025	-0.603897	0.165484	-2.40636	0.040665	1.33352	-8.6e-05
0.3	0.0999999	0.5	0.3	0.1	0.5	0.12025	-0.603898	0.165484	-2.40636	0.040665	1.33352	-8.6e-05
0.3	0.0999999	0.5	0.3	0.1	0.5	0.12025	-0.603898	0.165484	-2.40636	0.040665	1.33352	-8.6e-05
0.3	0.0999998	0.5	0.3	0.1	0.5	0.12025	-0.603898	0.165484	-2.40636	0.040665	1.33352	-8.6e-05
0.3	0.1	0.5	0.3	0.1	0.5	0.120251	-0.603898	0.165484	-2.40636	0.040665	1.33352	-8.6e-05
0.3	0.1	0.5	0.3	0.1	0.5	0.120251	-0.603898	0.165484	-2.40636	0.040665	1.33352	-8.6e-05
0.3	0.1	0.5	0.3	0.1	0.5	0.120251	-0.603898	0.165484	-2.40636	0.040665	1.33352	-8.6e-05
0.3	0.1	0.5	0.3	0.1	0.5	0.120251	-0.603897	0.165484	-2.40636	0.040665	1.33352	-8.6e-05
0.3	0.1	0.5	0.3	0.1	0.5	0.120251	-0.603897	0.165484	-2.40636	0.040665	1.33352	-8.6e-05
0.3	0.1	0.5	0.3	0.1	0.5	0.120251	-0.603897	0.165484	-2.40636	0.040665	1.33352	-8.6e-05
0.3	0.1	0.5	0.3	0.1	0.5	0.120251	-0.603897	0.165484	-2.40636	0.040665	1.33352	-8.6e-05
0.3	0.1	0.5	0.3	0.1	0.5	0.120251	-0.603897	0.165484	-2.40636	0.040665	1.33352	-8.6e-05
0.3	0.1	0.5	0.3	0.1	0.5	0.120251	-0.603898	0.165484	-2.40636	0.040665	1.33352	-8.6e-05
0.3	0.1	0.5	0.3	0.1	0.5	0.120251	-0.603898	0.165484	-2.40636	0.040665	1.33352	-8.6e-05
0.3	0.0999998	0.5	0.3	0.1	0.5	0.12025	-0.603898	0.165484	-2.40636	0.040665	1.33352	-8.6e-05
0.3	0.0999998	0.5	0.3	0.1	0.5	0.12025	-0.603898	0.165484	-2.40636	0.040665	1.33352	-8.6e-05
0.3	0.0999998	0.5	0.3	0.1	0.5	0.12025	-0.603898	0.165484	-2.40636	0.040665	1.33352	-8.6e-05
0.3	0.0999998	0.5	0.3	0.1	0.5	0.12025	-0.603898	0.165484	-2.40636	0.040665	1.33352	-8.6e-05
0.3	0.0999998	0.5	0.3	0.1	0.5	0.12025	-0.603897	0.165484	-2.40636	0.040665	1.33352	-8.6e-05
0.3	0.0999999	0.5	0.3	0.1	0.5	0.12025	-0.603897	0.165484	-2.40636	0.040665	1.33352	-8.6e-05
0.3	0.0999999	0.5	0.3	0.1	0.5	0.12025	-0.603897	0.165484	-2.40636	0.040665	1.33352	-8.6e-05
0.3	0.1	0.5	0.3	0.1	0.5	0.12025	-0.603897	0.165485	-2.40636	0.040665	1.33352	-8.6e-05
0.3	0.1	0.5	0.3	0.1	0.5	0.12025	-0.603898	0.165485	-2.40636	0.040665	1.33352	-8.6e-05
0.3	0.1	0.5	0.3	0.1	0.5	0.12025	-0.603898	0.165485	-2.40636	0.040665	1.33352	-8.6e-05
0.3	0.1	0.5	0.3	0.1	0.5	0.12025	-0.603898	0.165485	-2.40636	0.040665	1.33352	-8.6e-05
0.3	0.0999998	0.5	0.3	0.1	0.5	0.12025	-0.603898	0.165484	-2.40636	0.040665	1.33352	-8.6e-05
0.3	0.0999998	0.5	0.3	0.1	0.5	0.12025	-0.603898	0.165484	-2.40636	0.040665	1.33352	-8.6e-05
0.3	0.0999998	0.5	0.3	0.1	0.5	0.12025	-0.603898	0.165484	-2.40636	0.040665	1.33352	-8.6e-05
0.3	0.1	0.5	0.3	0.1	0.5	0.12025	-0.603897	0.165485	-2.40636	0.040665	1.33352	-8.6e-05
0.3	0.1	0.5	0.3	0.1	0.5	0.12025	-0.603897	0.165485	-2.40636	0.040665	1.33352	-8.6e-05
0.3	0.0999999	0.5	0.3	0.1	0.5	0.12025	-0.603897	0.165484	-2.40636	0.040665	1.33352	-8.6e-05
0.3	0.0999999	0.5	0.3	0.1	0.5	0.12025	-0.603897	0.165484	-2.40636	0.040665	1.33352	-8.6e-05
0.3	0.0999999	0.5	0.3	0.1	0.5	0.12025	-0.603897	0.165484	-2.40636	0.040665	1.33352	-8.6e-05
0.3	0.1	0.5	0.3	0.1	0.5	0.12025	-0.603898	0.165485	-2.40636	0.040665	1.33352	-8.6e-05
0.3	0.1	0.5	0.3	0.1	0.5	0.12025	-0.603898	0.165485	-2.40636	0.040665	1.33352	-8.6e-05
0.3	0.0999999	0.5	0.3	0.1	0.5	0.12025	-0.603898	0.165484	-2.40636	0.040665	1.33352	-8.6e-05
0.3	0.0999998	0.5	0.3	0.1	0.5	0.12025	-0.603898	0.165484	-2.40636	0.040665	1.33352	-8.6e-05
0.3	0.1	0.5	0.3	0.1	0.5	0.12025	-0.603898	0.165485	-2.40636	0.040665	1.33352	-8.6e-05
0.3	0.0999998	0.5	0.3	0.1	0.5	0.12025	-0.603898	0.165484	-2.40636	0.040665	1.33352	-8.6e-05
0.3	0.1	0.5	0.3	0.1	0.5	0.12025	-0.603897	0.165485	-2.40636	0.040665	1.33352	-8.6e-05
0.3	0.1	0.5	0.3	0.1	0.5	0.12025	-0.603897	0.165485	-2.40636	0.040665	1.33352	-8.6e-05
0.3	0.0999999	0.5	0.3	0.1	0.5	0.12025	-0.603897	0.165484	-2.40636	0.040665	1.33352	-8.6e-05
0.3	0.0999999	0.5	0.3	0.1	0.5	0.12025	-0.603897	0.165484	-2.40636	0.040665	1.33352	-8.6e-05
0.3	0.1	0.5	0.3	0.1	0.5	0.12025	-0.603897	0.165485	-2.40636	0.040665	1.33352	-8.6e-05
0.3	0.0999999	0.5	0.3	0.1	0.5	0.12025	-0.603897	0.165484	-2.40636	0.040665	1.33352	-8.6e-05
0.3	0.0999999	0.5	0.3	0.1	0.5	0.12025	-0.603898	0.165484	-2.40636	0.040665	1.33352	-8.6e-05
0.3	0.1	0.5	0.3	0.1	0.5	0.12025	-0.603898	0.165485	-2.40636	0.040665	1.33352	-8.6e-05
0.3	0.1	0.5	0.3	0.1	0.5	0.12025	-0.603898	0.165485	-2.40636	0.040665	1.33352	-8.6e-05
0.3	0.0999998	0.5	0.3	0.1	0.5	0.12025	-0.603898	0.165484	-2.40636	0.040665	1.33352	-8.6e-05
0.3	0.1	0.5	0.3	0.1	0.5	0.12025	-0.603898	0.165485	-2.40636	0.040665	1.33352	-8.6e-05
0.3	0.1	0.5	0.3	0.1	0.5	0.12025	-0.603898	0.165485	-2.40636	0.040665	1.33352	-8.6e-05
0.3	0.0999998	0.5	0.3	0.1	0.5	0.12025	-0.603897	0.165484	-2.40636	0.040665	1.33352	-8.6e-05
0.3	0.1	0.5	0.3	0.1	0.5	0.12025	-0.603897	0.165485	-2.40636	0.040665	1.33352	-8.6e-05
0.3	0.1	0.5	0.3	0.1	0.5	0.12025	-0.603897	0.165485	-2.40636	0.040665	1.33352	-8.6e-05
0.3	0.0999999	0.5	0.3	0.1	0.5	0.12025	-0.603897	0.165484	-2.40636	0.040665	1.33352	-8.6e-05
0.3	0.0999999	0.5	0.3	0.1	0.5	0.12025	-0.603897	0.165484	-2.40636	0.040665	1.33352	-8.6e-05
0.3	0.1	0.5	0.3	0.1	0.5	0.12025	-0.603898	0.165485	-2.40636	0.040665	1.33352	-8.6e-05
0.3	0.1	0.5	0.3	0.1	0.5	0.12025	-0.603898	0.165485	-2.40636	0.040665	1.33352	-8.6e-05
0.3	0.0999999	0.5	0.3	0.1	0.5	0.12025	-0.603898	0.165484	-2.40636	0.040665	1.33352	-8.6e-05
0.3	0.1	0.5	0.3	0.1	0.5	0.12025	-0.603898	0.165485	-2.40636	0.040665	1.33352	-8.6e-05
0.3	0.1	0.5	0.3	0.1	0.5	0.12025	-0.603898	0.165485	-2.40636	0.040665	1.33352	-8.6e-05
0.3	0.0999998	0.5	0.3	0.1	0.5	0.12025	-0.603898	0.165484	-2.40636	0.040665	1.33352	-8.6e-05
0.3	0.0999998	0.5	0.3	0.1	0.5	0.12025	-0.603898	0.165484	-2.40636	0.040665	1.33352	-8.6e-05
0.3	0.1	0.5	0.3	0.1	0.5	0.12025	-0.603897	0.165485	-2.40636	0.040665	1.33352	-8.6e-05
0.3	0.0999999	0.5	0.3	0.1	0.5	0.12025	-0.603897	0.165484	-2.40636	0.040665	1.33352	-8.6e-05
0.3	0.0999999	0.5	0.3	0.1	0.5	0.12025	-0.603897	0.165484	-2.40636	0.040665	1.33352	-8.6e-05
0.3	0.1	0.5	0.3	0.1	0.5	0.12025	-0.603897	0.165485	-2.40636	0.040665	1.33352	-8.6e-05
0.3	0.1	0.5	0.3	0.1	0.5	0.12025	-0.603897	0.165485	-2.40636	0.040665	1.33352	-8.6e-05
0.3	0.0999999	0.5	0.3	0.1	0.5	0.12025	-0.603898	0.165484	-2.40636	0.040665	1.33352	-8.6e-05
0.3	0.0999999	0.5	0.3	0.1	0.5	0.12025	-0.603898	0.165484	-2.40636	0.040665	1.33352	-8.6e-05
0.3	0.1	0.5	0.3	0.1	0.5	0.12025	-0.603898	0.165485	-2.40636	0.040665	1.33352	-8.6e-05
0.3	0.0999998	0.5	0.3	0.1	0.5	0.12025	-0.603898	0.165484	-2.40636	0.040665	1.33352	-8.6e-05
0.3	0.0999998	0.5	0.3	0.1	0.5	0.12025	-0.603898	0.165484	-2.40636	0.040665	1.33352	-8.6e-05
0.3	0.1	0.5	0.3	0.1	0.5	0.12025	-0.603898	0.165485	-2.40636	0.040665	1.33352	-8.6e-05
0.3	0.0999998	0.5	0.3	0.1	0.5	0.12025	-0.603897	0.165484	-2.40636	0.040665	1.33352	-8.6e-05
0.3	0.0999999	0.5	0.3	0.1	0.5	0.12025	-0.603897	0.165484	-2.40636	0.040665	1.33352	-8.6e-05
0.3	0.0999999	0.5	0.3	0.1	0.5	0.12025	-0.603897	0.165484	-2.40636	0.040665	1.33352	-8.6e-05
0.3	0.1	0.5	0.3	0.1	0.5	0.12025	-0.603897	0.165485	-2.40636	0.040665	1.33352	-8.6e-05
0.3	0.0999999	0.5	0.3	0.1	0.5	0.12025	-0.603897	0.165484	-2.40636	0.040665	1.33352	-8.6e-05
0.3	0.0999999	0.5	0.3	0.1	0.5	0.12025	-0.603898	0.165484	-2.40636	0.040665	1.33352	-8.6e-05
0.3	0.1	0.5	0.3	0.1	0.5	0.12025	-0.603898	0.165485	-2.40636	0.040665	1.33352	-8.6e-05
0.3	0.1	0.5	0.3	0.1	0.5	0.12025	-0.603898	0.165485	-2.40636	0.040665	1.33352	-8.6e-05
0.3	0.0999998	0.5	0.3	0.1	0.5	0.12025	-0.603898	0.165484	-2.40636	0.040665	1.33352	-8.6e-05
0.3	0.0999998	0.5	0.3	0.1	0.5	0.12025	-0.603898	0.165484	-2.40636	0.040665	1.33352	-8.6e-05
0.3	0.1	0.5	0.3	0.1	0.5	0.12025	-0.603898	0.165485	-2.40636	0.040665	1.33352	-8.6e-05
0.3	0.1	0.5	0.3	0.1	0.5	0.12025	-0.603897	0.165485	-2.40636	0.040665	1.33352	-8.6e-05
0.3	0.0999999	0.5	0.3	0.1	0.5	0.12025	-0.603897	0.165484	-2.40636	0.040665	1.33352	-8.6e-05
0.3	0.0999999	0.5	0.3	0.1	0.5	0.12025	-0.603897	0.165484	-2.40636	0.040665	1.33352	-8.6e-05
0.3	0.0999999	0.5	0.3	0.1	0.5	0.12025	-0.603897	0.165484	-2.40636	0.040665	1.33352	-8.6e-05
0.3	0.1	0.5	0.3	0.1	0.5	0.12025	-0.603898	0.165485	-2.40636	0.040665	1.33352	-8.6e-05
0.3	0.0999999	0.5	0.3	0.1	0.5	0.12025	-0.603898	0.165484	-2.40636	0.040665	1.33352	-8.6e-05
0.3	0.0999999	0.5	0.3	0.1	0.5	0.12025	-0.603898	0.165484	-2.40636	0.040665	1.33352	-8.6e-05
0.3	0.1	0.5	0.3	0.1	0.5	0.12025	-0.603898	0.165485	-2.40636	0.040665	1.33352	-8.6e-05
0.3	0.1	0.5	0.3	0.1	0.5	0.12025	-0.603898	0.165485	-2.40636	0.040665	1.33352	-8.6e-05
0.3	0.0999998	0.5	0.3	0.1	0.5	0.12025	-0.603898	0.165484	-2.40636	0.040665	1.33352	-8.6e-05
0.3	0.0999998	0.5	0.3	0.1	0.5	0.12025	-0.603898	0.165484	-2.40636	0.040665	1.33352	-8.6e-05
0.3	0.1	0.5	0.3	0.1	0.5	0.12025	-0.603897	0.165485	-2.40636	0.040665	1.33352	-8.6e-05
0.3	0.0999999	0.5	0.3	0.1	0.5	0.12025	-0.603897	0.165484	-2.40636	0.040665	1.33352	-8.6e-05
0.3	0.0999999	0.5	0.3	0.1	0.5	0.12025	-0.603897	0.165484	-2.40636	0.040665	1.33352	-8.6e-05
0.3	0.0999999	0.5	0.3	0.1	0.5	0.12025	-0.603897	0.165484	-2.40636	0.040665	1.33352	-8.6e-05
0.3	0.1	0.5	0.3	0.1	0.5	0.12025	-0.603897	0.165485	-2.40636	0.040665	1.33352	-8.6e-05
0.3	0.0999999	0.5	0.3	0.1	0.5	0.12025	-0.603898	0.165484	-2.40636	0.040665	1.33352	-8.6e-05
0.3	0.0999999	0.5	0.3	0.1	0.5	0.12025	-0.603898	0.165484	-2.40636	0.040665	1.33352	-8.6e-05
0.3	0.1	0.5	0.3	0.1	0.5	0.12025	-0.603898	0.165485	-2.40636	0.040665	1.33352	-8.6e-05
0.3	0.1	0.5	0.3	0.1	0.5	0.12025	-0.603898	0.165485	-2.40636	0.040665	1.33352	-8.6e-05
0.3	0.0999998	0.5	0.3	0.1	0.5	0.12025	-0.603898	0.165484	-2.40636	0.040665	1.33352	-8.6e-05
0.3	0.1	0.5	0.3	0.1	0.5	0.12025	-0.603898	0.165485	-2.40636	0.040665	1.33352	-8.6e-05
0.3	0.1	0.5	0.3	0.1	0.5	0.12025	-0.603897	0.165485	-2.40636	0.040665	1.33352	-8.6e-05
0.3	0.0999999	0.5	0.3	0.1	0.5	0.12025	-0.603897	0.165484	-2.40636	0.040665	1.33352	-8.6e-05
0.3	0.0999999	0.5	0.3	0.1	0.5	0.12025	-0.603897	0.165484	-2.40636	0.040665	1.33352	-8.6e-05
0.3	0.1	0.5	0.3	0.1	0.5	0.12025	-0.603897	0.165485	-2.40636	0.040665	1.33352	-8.6e-05
0.3	0.0999999	0.5	0.3	0.1	0.5	0.12025	-0.603897	0.165484	-2.40636	0.040665	1.33352	-8.6e-05
0.3	0.0999999	0.5	0.3	0.1	0.5	0.12025	-0.603898	0.165484	-2.40636	0.040665	1.33352	-8.6e-05
0.3	0.1	0.5	0.3	0.1	0.5	0.12025	-0.603898	0.165485	-2.40636	0.040665	1.33352	-8.6e-05
0.3	0.0999998	0.5	0.3	0.1	0.5	0.12025	-0.603898	0.165484	-2.40636	0.040665	1.33352	-8.6e-05
0.3	0.0999998	0.5	0.3	0.1	0.5	0.12025	-0.603898	0.165484	-2.40636	0.040665	1.33352	-8.6e-05
0.3	0.1	0.5	0.3	0.1	0.5	0.12025	-0.603898	0.165485	-2.40636	0.040665	1.33352	-8.6e-05
0.3	0.1	0.5	0.3	0.1	0.5	0.12025	-0.603898	0.165485	-2.40636	0.040665	1.33352	-8.6e-05
0.3	0.0999998	0.5	0.3	0.1	0.5	0.12025	-0.603897	0.165484	-2.40636	0.040665	1.33352	-8.6e-05
0.3	0.0999999	0.5	0.3	0.1	0.5	0.12025	-0.603897	0.165484	-2.40636	0.040665	1.33352	-8.6e-05
0.3	0.1	0.5	0.3	0.1	0.5	0.12025	-0.603897	0.165485	-2.40636	0.040665	1.33352	-8.6e-05
0.3	0.0999999	0.5	0.3	0.1	0.5	0.12025	-0.603897	0.165484	-2.40636	0.040665	1.33352	-8.6e-05
0.3	0.0999999	0.5	0.3	0.1	0.5	0.12025	-0.603897	0.165484	-2.40636	0.040665	1.33352	-8.6e-05
0.3	0.1	0.5	0.3	0.1	0.5	0.12025	-0.603898	0.165485	-2.40636	0.040665	1.33352	-8.6e-05
0.3	0.0999999	0.5	0.3	0.1	0.5	0.12025	-0.603898	0.165484	-2.40636	0.040665	1.33352	-8.6e-05
0.3	0.0999998	0.5	0.3	0.1	0.5	0.12025	-0.603898	0.165484	-2.40636	0.040665	1.33352	-8.6e-05
0.3	0.1	0.5	0.3	0.1	0.5	0.12025	-0.603898	0.165485	-2.40636	0.040665	1.33352	-8.6e-05
0.3	0.1	0.5	0.3	0.1	0.5	0.12025	-0.603898	0.165485	-2.40636	0.040665	1.33352	-8.6e-05
0.3	0.0999998	0.5	0.3	0.1	0.5	0.12025	-0.603898	0.165484	-2.40636	0.040665	1.33352	-8.6e-05
0.3	0.0999998	0.5	0.3	0.1	0.5	0.12025	-0.603897	0.165484	-2.40636	0.040665	1.33352	-8.6e-05
0.3	0.1	0.5	0.3	0.1	0.5	0.12025	-0.603897	0.165485	-2.40636	0.040665	1.33352	-8.6e-05
0.3	0.0999999	0.5	0.3	0.1	0.5	0.12025	-0.603897	0.165484	-2.40636	0.040665	1.33352	-8.6e-05
0.3	0.0999999	0.5	0.3	0.1	0.5	0.12025	-0.603897	0.165484	-2.40636	0.040665	1.33352	-8.6e-05
0.3	0.1	0.5	0.3	0.1	0.5	0.12025	-0.603898	0.165485	-2.40636	0.040665	1.33352	-8.6e-05
0.3	0.1	0.5	0.3	0.1	0.5	0.12025	-0.603898	0.165485	-2.40636	0.040665	1.33352	-8.6e-05
0.3	0.0999999	0.5	0.3	0.1	0.5	0.12025	-0.603898	0.165484	-2.40636	0.040665	1.33352	-8.6e-05
0.3	0.0999998	0.5	0.3	0.1	0.5	0.12025	-0.603898	0.165484	-2.40636	0.040665	1.33352	-8.6e-05
0.3	0.1	0.5	0.3	0.1	0.5	0.12025	-0.603898	0.165485	-2.40636	0.040665	1.33352	-8.6e-05
0.3	0.0999998	0.5	0.3	0.1	0.5	0.12025	-0.603898	0.165484	-2.40636	0.040665	1.33352	-8.6e-05
0.3	0.0999998	0.5	0.3	0.1	0.5	0.12025	-0.603897	0.165484	-2.40636	0.040665	1.33352	-8.6e-05
0.3	0.1	0.5	0.3	0.1	0.5	0.12025	-0.603897	0.165485	-2.40636	0.040665	1.33352	-8.6e-05
0.3	0.0999999	0.5	0.3	0.1	0.5	0.12025	-0.603897	0.165484	-2.40636	0.040665	1.33352	-8.6e-05
0.3	0.0999999	0.5	0.3	0.1	0.5	0.12025	-0.603897	0.165484	-2.40636	0.040665	1.33352	-8.6e-05
0.3	0.0999999	0.5	0.3	0.1	0.5	0.12025	-0.603897	0.165484	-2.40636	0.040665	1.33352	-8.6e-05
0.3	0.1	0.5	0.3	0.1	0.5	0.12025	-0.603898	0.165485	-2.40636	0.040665	1.33352	-8.6e-05
0.3	0.0999999	0.5	0.3	0.1	0.5	0.12025	-0.603898	0.165484	-2.40636	0.040665	1.33352	-8.6e-05
0.3	0.0999998	0.5	0.3	0.1	0.5	0.12025	-0.603898	0.165484	-2.40636	0.040665	1.33352	-8.6e-05
0.3	0.1	0.5	0.3	0.1	0.5	0.12025	-0.603898	0.165485	-2.40636	0.040665	1.33352	-8.6e-05
0.3	0.0999998	0.5	0.3	0.1	0.5	0.12025	-0.603898	0.165484	-2.40636	0.040665	1.33352	-8.6e-05
0.3	0.0999998	0.5	0.3	0.1	0.5	0.12025	-0.603898	0.165484	-2.40636	0.040665	1.33352	-8.6e-05
0.3	0.1	0.5	0.3	0.1	0.5	0.12025	-0.603897	0.165485	-2.40636	0.040665	1.33352	-8.6e-05
0.3	0.0999999	0.5	0.3	0.1	0.5	0.12025	-0.603897	0.165484	-2.40636	0.040665	1.33352	-8.6e-05
0.3	0.0999999	0.5	0.3	0.1	0.5	0.12025	-0.603897	0.165484	-2.40636	0.040665	1.33352	-8.6e-05
0.3	0.0999999	0.5	0.3	0.1	0.5	0.12025	-0.603897	0.165484	-2.40636	0.040665	1.33352	-8.6e-05
0.3	0.1	0.5	0.3	0.1	0.5	0.12025	-0.603897	0.165485	-2.40636	0.040665	1.33352	-8.6e-05
0.3	0.0999999	0.5	0.3	0.1	0.5	0.12025	-0.603898	0.165484	-2.40636	0.040665	1.33352	-8.6e-05
0.3	0.0999999	0.5	0.3	0.1	0.5	0.12025	-0.603898	0.165484	-2.40636	0.040665	1.33352	-8.6e-05
0.3	0.1	0.5	0.3	0.1	0.5	0.12025	-0.603898	0.165485	-2.40636	0.040665	1.33352	-8.6e-05
0.3	0.1	0.5	0.3	0.1	0.5	0.12025	-0.603898	0.165485	-2.40636	0.040665	1.33352	-8.6e-05
0.3	0.0999998	0.5	0.3	0.1	0.5	0.12025	-0.603898	0.165484	-2.40636	0.040665	1.33352	-8.6e-05
0.3	0.1	0.5	0.3	0.1	0.5	0.12025	-0.603898	0.165485	-2.40636	0.040665	1.33352	-8.6e-05
0.3	0.1	0.5	0.3	0.1	0.5	0.12025	-0.603897	0.165485	-2.40636	0.040665	1.33352	-8.6e-05
0.3	0.0999999	0.5	0.3	0.1	0.5	0.12025	-0.603897	0.165484	-2.40636	0.040665	1.33352	-8.6e-05
0.3	0.0999999	0.5	0.3	0.1	0.5	0.12025	-0.603897	0.165484	-2.40636	0.040665	1.33352	-8.6e-05
0.3	0.1	0.5	0.3	0.1	0.5	0.12025	-0.603897	0.165485	-2.40636	0.040665	1.33352	-8.6e-05
0.3	0.1	0.5	0.3	0.1	0.5	0.12025	-0.603897	0.165485	-2.40636	0.040665	1.33352	-8.6e-05
0.3	0.0999999	0.5	0.3	0.1	0.5	0.12025	-0.603898	0.165484	-2.40636	0.040665	1.33352	-8.6e-05
0.3	0.0999999	0.5	0.3	0.1	0.5	0.12025	-0.603898	0.165484	-2.40636	0.040665	1.33352	-8.6e-05
0.3	0.1	0.5	0.3	0.1	0.5	0.12025	-0.603898	0.165485	-2.40636	0.040665	1.33352	-8.6e-05
0.3	0.0999998	0.5	0.3	0.1	0.5	0.12025	-0.603898	0.165484	-2.40636	0.040665	1.33352	-8.6e-05
0.3	0.0999998	0.5	0.3	0.1	0.5	0.12025	-0.603898	0.165484	-2.40636	0.040665	1.33352	-8.6e-05
0.3	0.1	0.5	0.3	0.1	0.5	0.12025	-0.603898	0.165485	-2.40636	0.040665	1.33352	-8.6e-05
0.3	0.1	0.5	0.3	0.1	0.5	0.12025	-0.603897	0.165485	-2.40636	0.040665	1.33352	-8.6e-05
0.3	0.0999999	0.5	0.3	0.1	0.5	0.12025	-0.603897	0.165484	-2.40636	0.040665	1.33352	-8.6e-05
0.3	0.0999999	0.5	0.3	0.1	0.5	0.12025	-0.603897	0.165484	-2.40636	0.040665	1.33352	-8.6e-05
0.3	0.1	0.5	0.3	0.1	0.5	0.12025	-0.603897	0.165485	-2.40636	0.040665	1.33352	-8.6e-05
0.3	0.0999999	0.5	0.3	0.1	0.5	0.12025	-0.603897	0.165484	-2.40636	0.040665	1.33352	-8.6e-05
0.3	0.0999999	0.5	0.3	0.1	0.5	0.12025	-0.603898	0.165484	-2.40636	0.040665	1.33352	-8.6e-05
0.3	0.1	0.5	0.3	0.1	0.5	0.12025	-0.603898	0.165485	-2.40636	0.040665	1.33352	-8.6e-05
0.3	0.1	0.5	0.3	0.1	0.5	0.12025	-0.603898	0.165485	-2.40636	0.040665	1.33352	-8.6e-05
0.3	0.0999998	0.5	0.3	0.1	0.5	0.12025	-0.603898	0.165484	-2.40636	0.040665	1.33352	-8.6e-05
0.3	0.0999998	0.5	0.3	0.1	0.5	0.12025	-0.603898	0.165484	-2.40636	0.040665	1.33352	-8.6e-05
0.3	0.1	0.5	0.3	0.1	0.5	0.12025	-0.603898	0.165485	-2.40636	0.040665	1.33352	-8.6e-05
0.3	0.0999998	0.5	0.3	0.1	0.5	0.12025	-0.603897	0.165484	-2.40636	0.040665	1.33352	-8.6e-05
0.3	0.0999999	0.5	0.3	0.1	0.5	0.12025	-0.603897	0.165484	-2.40636	0.040665	1.33352	-8.6e-05
0.3	0.1	0.5	0.3	0.1	0.5	0.12025	-0.603897	0.165485	-2.40636	0.040665	1.33352	-8.6e-05
0.3	0.1	0.5	0.3	0.1	0.5	0.12025	-0.603897	0.165485	-2.40636	0.040665	1.33352	-8.6e-05
0.3	0.0999999	0.5	0.3	0.1	0.5	0.12025	-0.603897	0.165484	-2.40636	0.040665	1.33352	-8.6e-05
0.3	0.0999999	0.5	0.3	0.1	0.5	0.12025	-0.603898	0.165484	-2.40636	0.040665	1.33352	-8.6e-05
0.3	0.1	0.5	0.3	0.1	0.5	0.12025	-0.603898	0.165485	-2.40636	0.040665	1.33352	-8.6e-05
0.3	0.1	0.5	0.3	0.1	0.5	0.12025	-0.603898	0.165485	-2.40636	0.040665	1.33352	-8.6e-05
0.3	0.0999998	0.5	0.3	0.1	0.5	0.12025	-0.603898	0.165484	-2.40636	0.040665	1.33352	-8.6e-05
0.3	0.0999998	0.5	0.3	0.1	0.5	0.12025	-0.603898	0.165484	-2.40636	0.040665	1.33352	-8.6e-05
0.3	0.1	0.5	0.3	0.1	0.5	0.12025	-0.603898	0.165485	-2.40636	0.040665	1.33352	-8.6e-05
0.3	0.1	0.5	0.3	0.1	0.5	0.12025	-0.603897	0.165485	-2.40636	0.040665	1.33352	-8.6e-05
0.3	0.0999999	0.5	0.3	0.1	0.5	0.12025	-0.603897	0.165484	-2.40636	0.040665	1.33352	-8.6e-05
0.3	0.0999999	0.5	0.3	0.1	0.5	0.12025	-0.603897	0.165484	-2.40636	0.040665	1.33352	-8.6e-05
0.3	0.0999999	0.5	0.3	0.1	0.5	0.12025	-0.603897	0.165484	-2.40636	0.040665	1.33352	-8.6e-05
0.3	0.1	0.5	0.3	0.1	0.5	0.12025	-0.603897	0.165485	-2.40636	0.040665	1.33352	-8.6e-05
0.3	0.0999999	0.5	0.3	0.1	0.5	0.12025	-0.603898	0.165484	-2.40636	0.040665	1.33352	-8.6e-05
0.3	0.0999999	0.5	0.3	0.1	0.5	0.12025	-0.603898	0.165484	-2.40636	0.040665	1.33352	-8.6e-05
0.3	0.0999998	0.5	0.3	0.1	0.5	0.12025	-0.603898	0.165484	-2.40636	0.040665	1.33352	-8.6e-05
0.3	0.1	0.5	0.3	0.1	0.5	0.12025	-0.603898	0.165485	-2.40636	0.040665	1.33352	-8.6e-05
0.3	0.0999998	0.5	0.3	0.1	0.5	0.12025	-0.603898	0.165484	-2.40636	0.040665	1.33352	-8.6e-05
0.3	0.0999998	0.5	0.3	0.1	0.5	0.12025	-0.603897	0.165484	-2.40636	0.040665	1.33352	-8.6e-05
0.3	0.1	0.5	0.3	0.1	0.5	0.12025	-0.603897	0.165485	-2.40636	0.040665	1.33352	-8.6e-05
0.3	0.0999999	0.5	0.3	0.1	0.5	0.12025	-0.603897	0.165484	-2.40636	0.040665	1.33352	-8.6e-05
0.3	0.0999999	0.5	0.3	0.1	0.5	0.12025	-0.603897	0.165484	-2.40636	0.040665	1.33352	-8.6e-05
0.3	0.0999999	0.5	0.3	0.1	0.5	0.12025	-0.603897	0.165484	-2.40636	0.040665	1.33352	-8.6e-05
0.3	0.1	0.5	0.3	0.1	0.5	0.12025	-0.603898	0.165485	-2.40636	0.040665	1.33352	-8.6e-05
0.3	0.0999999	0.5	0.3	0.1	0.5	0.12025	-0.603898	0.165484	-2.40636	0.040665	1.33352	-8.6e-05
0.3	0.0999998	0.5	0.3	0.1	0.5	0.12025	-0.603898	0.165484	-2.40636	0.040665	1.33352	-8.6e-05
0.3	0.1	0.5	0.3	0.1	0.5	0.12025	-0.603898	0.165485	-2.40636	0.040665	1.33352	-8.6e-05
0.3	0.1	0.5	0.3	0.1	0.5	0.12025	-0.603898	0.165485	-2.40636	0.040665	1.33352	-8.6e-05
0.3	0.0999998	0.5	0.3	0.1	0.5	0.12025	-0.603897	0.165484	-2.40636	0.040665	1.33352	-8.6e-05
0.3	0.0999999	0.5	0.3	0.1	0.5	0.12025	-0.603897	0.165484	-2.40636	0.040665	1.33352	-8.6e-05
0.3	0.1	0.5	0.3	0.1	0.5	0.12025	-0.603897	0.165485	-2.40636	0.040665	1.33352	-8.6e-05
0.3	0.1	0.5	0.3	0.1	0.5	0.12025	-0.603897	0.165485	-2.40636	0.040665	1.33352	-8.6e-05
0.3	0.0999999	0.5	0.3	0.1	0.5	0.12025	-0.603897	0.165484	-2.40636	0.040665	1.33352	-8.6e-05
0.3	0.0999999	0.5	0.3	0.1	0.5	0.12025	-0.603898	0.165484	-2.40636	0.040665	1.33352	-8.6e-05
0.3	0.1	0.5	0.3	0.1	0.5	0.12025	-0.603898	0.165485	-2.40636	0.040665	1.33352	-8.6e-05
0.3	0.1	0.5	0.3	0.1	0.5	0.12025	-0.603898	0.165485	-2.40636	0.040665	1.33352	-8.6e-05
0.3	0.0999998	0.5	0.3	0.1	0.5	0.12025	-0.603898	0.165484	-2.40636	0.040665	1.33352	-8.6e-05
0.3	0.1	0.5	0.3	0.1	0.5	0.12025	-0.603898	0.165485	-2.40636	0.040665	1.33352	-8.6e-05
0.3	0.1	0.5	0.3	0.1	0.5	0.12025	-0.603898	0.165485	-2.40636	0.040665	1.33352	-8.6e-05
0.3	0.0999998	0.5	0.3	0.1	0.5	0.12025	-0.603897	0.165484	-2.40636	0.040665	1.33352	-8.6e-05
0.3	0.0999999	0.5	0.3	0.1	0.5	0.12025	-0.603897	0.165484	-2.40636	0.040665	1.33352	-8.6e-05
0.3	0.1	0.5	0.3	0.1	0.5	0.12025	-0.603897	0.165485	-2.40636	0.040665	1.33352	-8.6e-05
0.3	0.0999999	0.5	0.3	0.1	0.5	0.12025	-0.603897	0.165484	-2.40636	0.040665	1.33352	-8.6e-05
0.3	0.0999999	0.5	0.3	0.1	0.5	0.12025	-0.603897	0.165484	-2.40636	0.040665	1.33352	-8.6e-05
0.3	0.1	0.5	0.3	0.1	0.5	0.12025	-0.603898	0.165485	-2.40636	0.040665	1.33352	-8.6e-05
0.3	0.1	0.5	0.3	0.1	0.5	0.12025	-0.603898	0.165485	-2.40636	0.040665	1.33352	-8.6e-05
0.3	0.0999998	0.5	0.3	0.1	0.5	0.12025	-0.603898	0.165484	-2.40636	0.040665	1.33352	-8.6e-05
0.3	0.1	0.5	0.3	0.1	0.5	0.12025	-0.603898	0.165485	-2.40636	0.040665	1.33352	-8.6e-05
0.3	0.1	0.5	0.3	0.1	0.5	0.12025	-0.603898	0.165485	-2.40636	0.040665	1.33352	-8.6e-05
0.3	0.0999998	0.5	0.3	0.1	0.5	0.12025	-0.603898	0.165484	-2.40636	0.040665	1.33352	-8.6e-05
0.3	0.1	0.5	0.3	0.1	0.5	0.12025	-0.603897	0.165485	-2.40636	0.040665	1.33352	-8.6e-05
0.3	0.1	0.5	0.3	0.1	0.5	0.12025	-0.603897	0.165485	-2.40636	0.040665	1.33352	-8.6e-05
0.3	0.0999999	0.5	0.3	0.1	0.5	0.12025	-0.603897	0.165484	-2.40636	0.040665	1.33352	-8.6e-05
0.3	0.0999999	0.5	0.3	0.1	0.5	0.12025	-0.603897	0.165484	-2.40636	0.040665	1.33352	-8.6e-05
0.3	0.1	0.5	0.3	0.1	0.5	0.12025	-0.603897	0.165485	-2.40636	0.040665	1.33352	-8.6e-05
0.3	0.0999999	0.5	0.3	0.1	0.5	0.12025	-0.603898	0.165484	-2.40636	0.040665	1.33352	-8.6e-05
0.3	0.0999999	0.5	0.3	0.1	0.5	0.12025	-0.603898	0.165484	-2.40636	0.040665	1.33352	-8.6e-05
0.3	0.1	0.5	0.3	0.1	0.5	0.12025	-0.603898	0.165485	-2.40636	0.040665	1.33352	-8.6e-05
0.3	0.0999998	0.5	0.3	0.1	0.5	0.12025	-0.603898	0.165484	-2.40636	0.040665	1.33352	-8.6e-05
0.3	0.1	0.5	0.3	0.1	0.5	0.12025	-0.603898	0.165485	-2.40636	0.040665	1.33352	-8.6e-05
0.3	0.1	0.5	0.3	0.1	0.5	0.12025	-0.603898	0.165485	-2.40636	0.040665	1.33352	-8.6e-05
0.3	0.0999995	0.5	0.3	0.1	0.5	0.120249	-0.603897	0.165484	-2.40636	0.040665	1.33352	-8.6e-05
0.3	0.0999999	0.5	0.3	0.1	0.5	0.120249	-0.603897	0.165485	-2.40636	0.040665	1.33352	-8.6e-05
0.3	0.1	0.5	0.3	0.1	0.5	0.120249	-0.603897	0.165485	-2.40636	0.040665	1.33352	-8.6e-05
0.3	0.1	0.5	0.3	0.1	0.5	0.120249	-0.603897	0.165485	-2.40636	0.040665	1.33352	-8.6e-05
0.3	0.1	0.5	0.3	0.1	0.5	0.120249	-0.603897	0.165485	-2.40636	0.040665	1.33352	-8.6e-05
0.3	0.0999999	0.5	0.3	0.1	0.5	0.120249	-0.603898	0.165485	-2.40636	0.040665	1.33352	-8.6e-05
0.3	0.0999999	0.5	0.3	0.1	0.5	0.120249	-0.603898	0.165485	-2.40636	0.040665	1.33352	-8.6e-05
0.3	0.0999999	0.5	0.3	0.1	0.5	0.120249	-0.603898	0.165485	-2.40636	0.040665	1.33352	-8.6e-05
0.3	0.1	0.5	0.3	0.1	0.5	0.12025	-0.603898	0.165485	-2.40636	0.040665	1.33352	-8.6e-05
0.3	0.1	0.5	0.3	0.1	0.5	0.12025	-0.603898	0.165485	-2.40636	0.040665	1.33352	-8.6e-05
0.3	0.1	0.5	0.3	0.1	0.5	0.12025	-0.603898	0.165485	-2.40636	0.040665	1.33352	-8.6e-05
0.3	0.1	0.5	0.3	0.1	0.5	0.12025	-0.603898	0.165485	-2.40636	0.040665	1.33352	-8.6e-05
0.3	0.1	0.5	0.3	0.1	0.5	0.12025	-0.603897	0.165485	-2.40636	0.040665	1.33352	-8.6e-05
0.3	0.0999999	0.5	0.3	0.1	0.5	0.12025	-0.603897	0.165484	-2.40636	0.040665	1.33352	-8.6e-05
0.3	0.0999999	0.5	0.3	0.1	0.5	0.12025	-0.603897	0.165484	-2.40636	0.040665	1.33352	-8.6e-05
0.3	0.0999999	0.5	0.3	0.1	0.5	0.12025	-0.603897	0.165484	-2.40636	0.040665	1.33352	-8.6e-05
0.3	0.0999999	0.5	0.3	0.1	0.5	0.12025	-0.603897	0.165484	-2.40636	0.040665	1.33352	-8.6e-05
0.3	0.0999999	0.5	0.3	0.1	0.5	0.12025	-0.603897	0.165484	-2.40636	0.040665	1.33352	-8.6e-05
0.3	0.0999999	0.5	0.3	0.1	0.5	0.12025	-0.603898	0.165484	-2.40636	0.040665	1.33352	-8.6e-05
0.3	0.1	0.5	0.3	0.1	0.5	0.12025	-0.603898	0.165485	-2.40636	0.040665	1.33352	-8.6e-05
0.3	0.1	0.5	0.3	0.1	0.5	0.12025	-0.603898	0.165485	-2.40636	0.040665	1.33352	-8.6e-05
0.3	0.0999998	0.5	0.3	0.1	0.5	0.12025	-0.603898	0.165484	-2.40636	0.040665	1.33352	-8.6e-05
0.3	0.0999998	0.5	0.3	0.1	0.5	0.12025	-0.603898	0.165484	-2.40636	0.040665	1.33352	-8.6e-05
0.3	0.1	0.5	0.3	0.1	0.5	0.12025	-0.603898	0.165485	-2.40636	0.040665	1.33352	-8.6e-05
0.3	0.1	0.5	0.3	0.1	0.5	0.12025	-0.603897	0.165485	-2.40636	0.040665	1.33352	-8.6e-05
0.3	0.0999999	0.5	0.3	0.1	0.5	0.12025	-0.603897	0.165484	-2.40636	0.040665	1.33352	-8.6e-05
0.3	0.0999999	0.5	0.3	0.1	0.5	0.12025	-0.603897	0.165484	-2.40636	0.040665	1.33352	-8.6e-05
0.3	0.0999999	0.5	0.3	0.1	0.5	0.12025	-0.603897	0.165484	-2.40636	0.040665	1.33352	-8.6e-05
0.3	0.1	0.5	0.3	0.1	0.5	0.12025	-0.603898	0.165485	-2.40636	0.040665	1.33352	-8.6e-05
0.3	0.0999999	0.5	0.3	0.1	0.5	0.12025	-0.603898	0.165484	-2.40636	0.040665	1.33352	-8.6e-05
0.3	0.0999999	0.5	0.3	0.1	0.5	0.12025	-0.603898	0.165484	-2.40636	0.040665	1.33352	-8.6e-05
0.3	0.0999998	0.5	0.3	0.1	0.5	0.12025	-0.603898	0.165484	-2.40636	0.040665	1.33352	-8.6e-05
0.3	0.1	0.5	0.3	0.1	0.5	0.12025	-0.603898	0.165485	-2.40636	0.040665	1.33352	-8.6e-05
0.3	0.0999998	0.5	0.3	0.1	0.5	0.12025	-0.603898	0.165484	-2.40636	0.040665	1.33352	-8.6e-05
0.3	0.0999998	0.5	0.3	0.1	0.5	0.12025	-0.603897	0.165484	-2.40636	0.040665	1.33352	-8.6e-05
0.3	0.1	0.5	0.3	0.1	0.5	0.12025	-0.603897	0.165485	-2.40636	0.040665	1.33352	-8.6e-05
0.3	0.0999999	0.5	0.3	0.1	0.5	0.12025	-0.603897	0.165484	-2.40636	0.040665	1.33352	-8.6e-05
0.3	0.0999999	0.5	0.3	0.1	0.5	0.12025	-0.603897	0.165484	-2.40636	0.040665	1.33352	-8.6e-05
0.3	0.0999999	0.5	0.3	0.1	0.5	0.12025	-0.603897	0.165484	-2.40636	0.040665	1.33352	-8.6e-05
0.3	0.1	0.5	0.3	0.1	0.5	0.12025	-0.603897	0.165485	-2.40636	0.040665	1.33352	-8.6e-05
0.3	0.0999999	0.5	0.3	0.1	0.5	0.12025	-0.603898	0.165484	-2.40636	0.040665	1.33352	-8.6e-05
0.3	0.0999999	0.5	0.3	0.1	0.5	0.12025	-0.603898	0.165484	-2.40636	0.040665	1.33352	-8.6e-05
0.3	0.1	0.5	0.3	0.1	0.5	0.12025	-0.603898	0.165485	-2.40636	0.040665	1.33352	-8.6e-05
0.3	0.1	0.5	0.3	0.1	0.5	0.12025	-0.603898	0.165485	-2.40636	0.040665	1.33352	-8.6e-05
0.3	0.0999998	0.5	0.3	0.1	0.5	0.12025	-0.603898	0.165484	-2.40636	0.040665	1.33352	-8.6e-05
0.3	0.0999998	0.5	0.3	0.1	0.5	0.12025	-0.603898	0.165484	-2.40636	0.040665	1.33352	-8.6e-05
0.3	0.1	0.5	0.3	0.1	0.5	0.12025	-0.603898	0.165485	-2.40636	0.040665	1.33352	-8.6e-05
0.3	0.1	0.5	0.3	0.1	0.5	0.12025	-0.603897	0.165485	-2.40636	0.040665	1.33352	-8.6e-05
0.3	0.0999999	0.5	0.3	0.1	0.5	0.12025	-0.603897	0.165484	-2.40636	0.040665	1.33352	-8.6e-05
0.3	0.0999999	0.5	0.3	0.1	0.5	0.12025	-0.603897	0.165484	-2.40636	0.040665	1.33352	-8.6e-05
0.3	0.1	0.5	0.3	0.1	0.5	0.12025	-0.603897	0.165485	-2.40636	0.040665	1.33352	-8.6e-05
0.3	0.0999999	0.5	0.3	0.1	0.5	0.12025	-0.603897	0.165484	-2.40636	0.040665	1.33352	-8.6e-05
0.3	0.0999999	0.5	0.3	0.1	0.5	0.12025	-0.603898	0.165484	-2.40636	0.040665	1.33352	-8.6e-05
0.3	0.1	0.5	0.3	0.1	0.5	0.12025	-0.603898	0.165485	-2.40636	0.040665	1.33352	-8.6e-05
0.3	0.1	0.5	0.3	0.1	0.5	0.12025	-0.603898	0.165485	-2.40636	0.040665	1.33352	-8.6e-05
0.3	0.0999998	0.5	0.3	0.1	0.5	0.12025	-0.603898	0.165484	-2.40636	0.040665	1.33352	-8.6e-05
0.3	0.0999998	0.5	0.3	0.1	0.5	0.12025	-0.603898	0.165484	-2.40636	0.040665	1.33352	-8.6e-05
0.3	0.1	0.5	0.3	0.1	0.5	0.12025	-0.603898	0.165485	-2.40636	0.040665	1.33352	-8.6e-05
0.3	0.0999998	0.5	0.3	0.1	0.5	0.12025	-0.603897	0.165484	-2.40636	0.040665	1.33352	-8.6e-05
0.3	0.0999999	0.5	0.3	0.1	0.5	0.12025	-0.603897	0.165484	-2.40636	0.040665	1.33352	-8.6e-05
0.3	0.1	0.5	0.3	0.1	0.5	0.12025	-0.603897	0.165485	-2.40636	0.040665	1.33352	-8.6e-05
0.3	0.0999999	0.5	0.3	0.1	0.5	0.12025	-0.603897	0.165484	-2.40636	0.040665	1.33352	-8.6e-05
0.3	0.0999999	0.5	0.3	0.1	0.5	0.12025	-0.603897	0.165484	-2.40636	0.040665	1.33352	-8.6e-05
0.3	0.1	0.5	0.3	0.1	0.5	0.12025	-0.603898	0.165485	-2.40636	0.040665	1.33352	-8.6e-05
0.3	0.1	0.5	0.3	0.1	0.5	0.12025	-0.603898	0.165485	-2.40636	0.040665	1.33352	-8.6e-05
0.3	0.0999999	0.5	0.3	0.1	0.5	0.12025	-0.603898	0.165484	-2.40636	0.040665	1.33352	-8.6e-05
0.3	0.1	0.5	0.3	0.1	0.5	0.12025	-0.603898	0.165485	-2.40636	0.040665	1.33352	-8.6e-05
0.3	0.1	0.5	0.3	0.1	0.5	0.12025	-0.603898	0.165485	-2.40636	0.040665	1.33352	-8.6e-05
0.3	0.0999998	0.5	0.3	0.1	0.5	0.12025	-0.603898	0.165484	-2.40636	0.040665	1.33352	-8.6e-05
0.3	0.0999998	0.5	0.3	0.1	0.5	0.12025	-0.603897	0.165484	-2.40636	0.040665	1.33352	-8.6e-05
0.3	0.1	0.5	0.3	0.1	0.5	0.12025	-0.603897	0.165485	-2.40636	0.040665	1.33352	-8.6e-05
0.3	0.0999999	0.5	0.3	0.1	0.5	0.12025	-0.603897	0.165484	-2.40636	0.040665	1.33352	-8.6e-05
0.3	0.0999999	0.5	0.3	0.1	0.5	0.12025	-0.603897	0.165484	-2.40636	0.040665	1.33352	-8.6e-05
0.3	0.1	0.5	0.3	0.1	0.5	0.12025	-0.603897	0.165485	-2.40636	0.040665	1.33352	-8.6e-05
0.3	0.1	0.5	0.3	0.1	0.5	0.12025	-0.603898	0.165485	-2.40636	0.040665	1.33352	-8.6e-05
0.3	0.0999999	0.5	0.3	0.1	0.5	0.12025	-0.603898	0.165484	-2.40636	0.040665	1.33352	-8.6e-05
0.3	0.0999998	0.5	0.3	0.1	0.5	0.12025	-0.603898	0.165484	-2.40636	0.040665	1.33352	-8.6e-05
0.3	0.1	0.5	0.3	0.1	0.5	0.12025	-0.603898	0.165485	-2.40636	0.040665	1.33352	-8.6e-05
0.3	0.1	0.5	0.3	0.1	0.5	0.12025	-0.603898	0.165485	-2.40636	0.040665	1.33352	-8.6e-05
0.3	0.0999998	0.5	0.3	0.1	0.5	0.12025	-0.603898	0.165484	-2.40636	0.040665	1.33352	-8.6e-05
0.3	0.0999998	0.5	0.3	0.1	0.5	0.12025	-0.603897	0.165484	-2.40636	0.040665	1.33352	-8.6e-05
0.3	0.1	0.5	0.3	0.1	0.5	0.12025	-0.603897	0.165485	-2.40636	0.040665	1.33352	-8.6e-05
0.3	0.0999999	0.5	0.3	0.1	0.5	0.12025	-0.603897	0.165484	-2.40636	0.040665	1.33352	-8.6e-05
0.3	0.0999999	0.5	0.3	0.1	0.5	0.12025	-0.603897	0.165484	-2.40636	0.040665	1.33352	-8.6e-05
0.3	0.0999999	0.5	0.3	0.1	0.5	0.12025	-0.603897	0.165484	-2.40636	0.040665	1.33352	-8.6e-05
0.3	0.1	0.5	0.3	0.1	0.5	0.12025	-0.603898	0.165485	-2.40636	0.040665	1.33352	-8.6e-05
0.3	0.0999999	0.5	0.3	0.1	0.5	0.12025	-0.603898	0.165484	-2.40636	0.040665	1.33352	-8.6e-05
0.3	0.0999998	0.5	0.3	0.1	0.5	0.12025	-0.603898	0.165484	-2.40636	0.040665	1.33352	-8.6e-05
0.3	0.1	0.5	0.3	0.1	0.5	0.12025	-0.603898	0.165485	-2.40636	0.040665	1.33352	-8.6e-05
0.3	0.0999998	0.5	0.3	0.1	0.5	0.12025	-0.603898	0.165484	-2.40636	0.040665	1.33352	-8.6e-05
0.3	0.0999998	0.5	0.3	0.1	0.5	0.12025	-0.603898	0.165484	-2.40636	0.040665	1.33352	-8.6e-05
0.3	0.1	0.5	0.3	0.1	0.5	0.12025	-0.603897	0.165485	-2.40636	0.040665	1.33352	-8.6e-05
0.3	0.0999999	0.5	0.3	0.1	0.5	0.12025	-0.603897	0.165484	-2.40636	0.040665	1.33352	-8.6e-05
0.3	0.0999999	0.5	0.3	0.1	0.5	0.12025	-0.603897	0.165484	-2.40636	0.040665	1.33352	-8.6e-05
0.3	0.0999999	0.5	0.3	0.1	0.5	0.12025	-0.603897	0.165484	-2.40636	0.040665	1.33352	-8.6e-05
0.3	0.1	0.5	0.3	0.1	0.5	0.12025	-0.603897	0.165485	-2.40636	0.040665	1.33352	-8.6e-05
0.3	0.0999999	0.5	0.3	0.1	0.5	0.12025	-0.603898	0.165484	-2.40636	0.040665	1.33352	-8.6e-05
0.3	0.0999999	0.5	0.3	0.1	0.5	0.12025	-0.603898	0.165484	-2.40636	0.040665	1.33352	-8.6e-05
0.3	0.1	0.5	0.3	0.1	0.5	0.12025	-0.603898	0.165485	-2.40636	0.040665	1.33352	-8.6e-05
0.3	0.0999998	0.5	0.3	0.1	0.5	0.12025	-0.603898	0.165484	-2.40636	0.040665	1.33352	-8.6e-05
0.3	0.0999995	0.5	0.3	0.1	0.5	0.120249	-0.603898	0.165484	-2.40636	0.040665	1.33352	-8.6e-05
0.3	0.0999999	0.5	0.3	0.1	0.5	0.120249	-0.603898	0.165485	-2.40636	0.040665	1.33352	-8.6e-05
0.3	0.0999999	0.5	0.3	0.1	0.5	0.120249	-0.603897	0.165485	-2.40636	0.040665	1.33352	-8.6e-05
0.3	0.1	0.5	0.3	0.1	0.5	0.120249	-0.603897	0.165485	-2.40636	0.040665	1.33352	-8.6e-05
0.3	0.1	0.5	0.3	0.1	0.5	0.120249	-0.603897	0.165485	-2.40636	0.040665	1.33352	-8.6e-05
0.3	0.1	0.5	0.3	0.1	0.5	0.120249	-0.603897	0.165485	-2.40636	0.040665	1.33352	-8.6e-05
0.3	0.1	0.5	0.3	0.1	0.5	0.120249	-0.603897	0.165485	-2.40636	0.040665	1.33352	-8.6e-05
0.3	0.0999999	0.5	0.3	0.1	0.5	0.120249	-0.603898	0.165485	-2.40636	0.040665	1.33352	-8.6e-05
0.3	0.1	0.5	0.3	0.1	0.5	0.12025	-0.603898	0.165485	-2.40636	0.040665	1.33352	-8.6e-05
0.3	0.1	0.5	0.3	0.1	0.5	0.12025	-0.603898	0.165485	-2.40636	0.040665	1.33352	-8.6e-05
0.3	0.1	0.5	0.3	0.1	0.5	0.12025	-0.603898	0.165485	-2.40636	0.040665	1.33352	-8.6e-05
0.3	0.1	0.5	0.3	0.1	0.5	0.12025	-0.603898	0.165485	-2.40636	0.040665	1.33352	-8.6e-05
0.3	0.1	0.5	0.3	0.1	0.5	0.12025	-0.603898	0.165485	-2.40636	0.040665	1.33352	-8.6e-05
0.3	0.0999998	0.5	0.3	0.1	0.5	0.12025	-0.603898	0.165484	-2.40636	0.040665	1.33352	-8.6e-05
0.3	0.0999998	0.5	0.3	0.1	0.5	0.12025	-0.603897	0.165484	-2.40636	0.040665	1.33352	-8.6e-05
0.3	0.0999999	0.5	0.3	0.1	0.5	0.12025	-0.603897	0.165484	-2.40636	0.040665	1.33352	-8.6e-05
0.3	0.0999999	0.5	0.3	0.1	0.5	0.12025	-0.603897	0.165484	-2.40636	0.040665	1.33352	-8.6e-05
0.3	0.0999999	0.5	0.3	0.1	0.5	0.12025	-0.603897	0.165484	-2.40636	0.040665	1.33352	-8.6e-05
0.3	0.0999999	0.5	0.3	0.1	0.5	0.12025	-0.603897	0.165484	-2.40636	0.040665	1.33352	-8.6e-05
0.3	0.0999999	0.5	0.3	0.1	0.5	0.12025	-0.603897	0.165484	-2.40636	0.040665	1.33352	-8.6e-05
0.3	0.1	0.5	0.3	0.1	0.5	0.12025	-0.603898	0.165485	-2.40636	0.040665	1.33352	-8.6e-05
0.3	0.1	0.5	0.3	0.1	0.5	0.12025	-0.603898	0.165485	-2.40636	0.040665	1.33352	-8.6e-05
0.3	0.1	0.5	0.3	0.1	0.5	0.12025	-0.603898	0.165485	-2.40636	0.040665	1.33352	-8.6e-05
0.3	0.0999998	0.5	0.3	0.1	0.5	0.12025	-0.603898	0.165484	-2.40636	0.040665	1.33352	-8.6e-05
0.3	0.0999998	0.5	0.3	0.1	0.5	0.12025	-0.603898	0.165484	-2.40636	0.040665	1.33352	-8.6e-05
0.3	0.1	0.5	0.3	0.1	0.5	0.12025	-0.603898	0.165485	-2.40636	0.040665	1.33352	-8.6e-05
0.3	0.1	0.5	0.3	0.1	0.5	0.12025	-0.603897	0.165485	-2.40636	0.040665	1.33352	-8.6e-05
0.3	0.0999999	0.5	0.3	0.1	0.5	0.12025	-0.603897	0.165484	-2.40636	0.040665	1.33352	-8.6e-05
0.3	0.0999999	0.5	0.3	0.1	0.5	0.12025	-0.603897	0.165484	-2.40636	0.040665	1.33352	-8.6e-05
0.3	0.1	0.5	0.3	0.1	0.5	0.12025	-0.603897	0.165485	-2.40636	0.040665	1.33352	-8.6e-05
0.3	0.1	0.5	0.3	0.1	0.5	0.12025	-0.603897	0.165485	-2.40636	0.040665	1.33352	-8.6e-05
0.3	0.0999999	0.5	0.3	0.1	0.5	0.12025	-0.603898	0.165484	-2.40636	0.040665	1.33352	-8.6e-05
0.3	0.0999999	0.5	0.3	0.1	0.5	0.12025	-0.603898	0.165484	-2.40636	0.040665	1.33352	-8.6e-05
0.3	0.1	0.5	0.3	0.1	0.5	0.12025	-0.603898	0.165485	-2.40636	0.040665	1.33352	-8.6e-05
0.3	0.0999998	0.5	0.3	0.1	0.5	0.12025	-0.603898	0.165484	-2.40636	0.040665	1.33352	-8.6e-05
0.3	0.0999998	0.5	0.3	0.1	0.5	0.12025	-0.603898	0.165484	-2.40636	0.040665	1.33352	-8.6e-05
0.3	0.1	0.5	0.3	0.1	0.5	0.12025	-0.603898	0.165485	-2.40636	0.040665	1.33352	-8.6e-05
0.3	0.1	0.5	0.3	0.1	0.5	0.12025	-0.603897	0.165485	-2.40636	0.040665	1.33352	-8.6e-05
0.3	0.0999999	0.5	0.3	0.1	0.5	0.12025	-0.603897	0.165484	-2.40636	0.040665	1.33352	-8.6e-05
0.3	0.0999999	0.5	0.3	0.1	0.5	0.12025	-0.603897	0.165484	-2.40636	0.040665	1.33352	-8.6e-05
0.3	0.1	0.5	0.3	0.1	0.5	0.12025	-0.603897	0.165485	-2.40636	0.040665	1.33352	-8.6e-05
0.3	0.0999999	0.5	0.3	0.1	0.5	0.12025	-0.603898	0.165484	-2.40636	0.040665	1.33352	-8.6e-05
0.3	0.0999999	0.5	0.3	0.1	0.5	0.12025	-0.603898	0.165484	-2.40636	0.040665	1.33352	-8.6e-05
0.3	0.1	0.5	0.3	0.1	0.5	0.12025	-0.603898	0.165485	-2.40636	0.040665	1.33352	-8.6e-05
0.3	0.0999998	0.5	0.3	0.1	0.5	0.12025	-0.603898	0.165484	-2.40636	0.040665	1.33352	-8.6e-05
0.3	0.0999998	0.5	0.3	0.1	0.5	0.12025	-0.603898	0.165484	-2.40636	0.040665	1.33352	-8.6e-05
0.3	0.1	0.5	0.3	0.1	0.5	0.12025	-0.603898	0.165485	-2.40636	0.040665	1.33352	-8.6e-05
0.3	0.0999998	0.5	0.3	0.1	0.5	0.12025	-0.603897	0.165484	-2.40636	0.040665	1.33352	-8.6e-05
0.3	0.0999999	0.5	0.3	0.1	0.5	0.12025	-0.603897	0.165484	-2.40636	0.040665	1.33352	-8.6e-05
0.3	0.1	0.5	0.3	0.1	0.5	0.12025	-0.603897	0.165485	-2.40636	0.040665	1.33352	-8.6e-05
0.3	0.1	0.5	0.3	0.1	0.5	0.12025	-0.603897	0.165485	-2.40636	0.040665	1.33352	-8.6e-05
0.3	0.0999999	0.5	0.3	0.1	0.5	0.12025	-0.603897	0.165484	-2.40636	0.040665	1.33352	-8.6e-05
0.3	0.0999999	0.5	0.3	0.1	0.5	0.12025	-0.603898	0.165484	-2.40636	0.040665	1.33352	-8.6e-05
0.3	0.1	0.5	0.3	0.1	0.5	0.12025	-0.603898	0.165485	-2.40636	0.040665	1.33352	-8.6e-05
0.3	0.0999998	0.5	0.3	0.1	0.5	0.12025	-0.603898	0.165484	-2.40636	0.040665	1.33352	-8.6e-05
0.3	0.0999998	0.5	0.3	0.1	0.5	0.12025	-0.603898	0.165484	-2.40636	0.040665	1.33352	-8.6e-05
0.3	0.1	0.5	0.3	0.1	0.5	0.12025	-0.603898	0.165485	-2.40636	0.040665	1.33352	-8.6e-05
0.3	0.0999998	0.5	0.3	0.1	0.5	0.12025	-0.603897	0.165484	-2.40636	0.040665	1.33352	-8.6e-05
0.3	0.0999998	0.5	0.3	0.1	0.5	0.12025	-0.603897	0.165484	-2.40636	0.040665	1.33352	-8.6e-05
0.3	0.1	0.5	0.3	0.1	0.5	0.12025	-0.603897	0.165485	-2.40636	0.040665	1.33352	-8.6e-05
0.3	0.1	0.5	0.3	0.1	0.5	0.12025	-0.603897	0.165485	-2.40636	0.040665	1.33352	-8.6e-05
0.3	0.0999999	0.5	0.3	0.1	0.5	0.12025	-0.603897	0.165484	-2.40636	0.040665	1.33352	-8.6e-05
0.3	0.0999999	0.5	0.3	0.1	0.5	0.12025	-0.603898	0.165484	-2.40636	0.040665	1.33352	-8.6e-05
0.3	0.1	0.5	0.3	0.1	0.5	0.12025	-0.603898	0.165485	-2.40636	0.040665	1.33352	-8.6e-05
0.3	0.0999999	0.5	0.3	0.1	0.5	0.12025	-0.603898	0.165484	-2.40636	0.040665	1.33352	-8.6e-05
0.3	0.0999998	0.5	0.3	0.1	0.5	0.12025	-0.603898	0.165484	-2.40636	0.040665	1.33352	-8.6e-05
0.3	0.1	0.5	0.3	0.1	0.5	0.12025	-0.603898	0.165485	-2.40636	0.040665	1.33352	-8.6e-05
0.3	0.0999998	0.5	0.3	0.1	0.5	0.12025	-0.603898	0.165484	-2.40636	0.040665	1.33352	-8.6e-05
0.3	0.0999998	0.5	0.3	0.1	0.5	0.12025	-0.603898	0.165484	-2.40636	0.040665	1.33352	-8.6e-05
0.3	0.1	0.5	0.3	0.1	0.5	0.12025	-0.603897	0.165485	-2.40636	0.040665	1.33352	-8.6e-05
0.3	0.0999999	0.5	0.3	0.1	0.5	0.12025	-0.603897	0.165484	-2.40636	0.040665	1.33352	-8.6e-05
0.3	0.0999996	0.5	0.3	0.1	0.5	0.120249	-0.603897	0.165484	-2.40636	0.040665	1.33352	-8.6e-05
0.3	0.1	0.5	0.3	0.1	0.5	0.120249	-0.603897	0.165485	-2.40636	0.040665	1.33352	-8.6e-05
0.3	0.1	0.5	0.3	0.1	0.5	0.120249	-0.603897	0.165485	-2.40636	0.040665	1.33352	-8.6e-05
0.3	0.0999999	0.5	0.3	0.1	0.5	0.120249	-0.603898	0.165485	-2.40636	0.040665	1.33352	-8.6e-05
0.3	0.0999999	0.5	0.3	0.1	0.5	0.120249	-0.603898	0.165485	-2.40636	0.040665	1.33352	-8.6e-05
0.3	0.1	0.5	0.3	0.1	0.5	0.12025	-0.603898	0.165485	-2.40636	0.040665	1.33352	-8.6e-05
0.3	0.1	0.5	0.3	0.1	0.5	0.12025	-0.603898	0.165485	-2.40636	0.040665	1.33352	-8.6e-05
0.3	0.1	0.5	0.3	0.1	0.5	0.12025	-0.603898	0.165485	-2.40636	0.040665	1.33352	-8.6e-05
0.3	0.1	0.5	0.3	0.1	0.5	0.12025	-0.603898	0.165485	-2.40636	0.040665	1.33352	-8.6e-05
0.3	0.0999998	0.5	0.3	0.1	0.5	0.12025	-0.603898	0.165484	-2.40636	0.040665	1.33352	-8.6e-05
0.3	0.0999999	0.5	0.3	0.1	0.5	0.12025	-0.603897	0.165484	-2.40636	0.040665	1.33352	-8.6e-05
0.3	0.0999999	0.5	0.3	0.1	0.5	0.12025	-0.603897	0.165484	-2.40636	0.040665	1.33352	-8.6e-05
0.3	0.0999999	0.5	0.3	0.1	0.5	0.12025	-0.603897	0.165484	-2.40636	0.040665	1.33352	-8.6e-05
0.3	0.0999999	0.5	0.3	0.1	0.5	0.12025	-0.603897	0.165484	-2.40636	0.040665	1.33352	-8.6e-05
0.3	0.0999999	0.5	0.3	0.1	0.5	0.12025	-0.603897	0.165484	-2.40636	0.040665	1.33352	-8.6e-05
0.3	0.1	0.5	0.3	0.1	0.5	0.12025	-0.603898	0.165485	-2.40636	0.040665	1.33352	-8.6e-05
0.3	0.1	0.5	0.3	0.1	0.5	0.12025	-0.603898	0.165485	-2.40636	0.040665	1.33352	-8.6e-05
0.3	0.0999998	0.5	0.3	0.1	0.5	0.12025	-0.603898	0.165484	-2.40636	0.040665	1.33352	-8.6e-05
0.3	0.0999998	0.5	0.3	0.1	0.5	0.12025	-0.603898	0.165484	-2.40636	0.040665	1.33352	-8.6e-05
0.3	0.0999998	0.5	0.3	0.1	0.5	0.12025	-0.603898	0.165484	-2.40636	0.040665	1.33352	-8.6e-05
0.3	0.1	0.5	0.3	0.1	0.5	0.12025	-0.603898	0.165485	-2.40636	0.040665	1.33352	-8.6e-05
0.3	0.0999998	0.5	0.3	0.1	0.5	0.12025	-0.603897	0.165484	-2.40636	0.040665	1.33352	-8.6e-05
0.3	0.0999999	0.5	0.3	0.1	0.5	0.12025	-0.603897	0.165484	-2.40636	0.040665	1.33352	-8.6e-05
0.3	0.0999999	0.5	0.3	0.1	0.5	0.12025	-0.603897	0.165484	-2.40636	0.040665	1.33352	-8.6e-05
0.3	0.1	0.5	0.3	0.1	0.5	0.12025	-0.603897	0.165485	-2.40636	0.040665	1.33352	-8.6e-05
0.3	0.0999999	0.5	0.3	0.1	0.5	0.12025	-0.603897	0.165484	-2.40636	0.040665	1.33352	-8.6e-05
0.3	0.0999999	0.5	0.3	0.1	0.5	0.12025	-0.603898	0.165484	-2.40636	0.040665	1.33352	-8.6e-05
0.3	0.0999999	0.5	0.3	0.1	0.5	0.12025	-0.603898	0.165484	-2.40636	0.040665	1.33352	-8.6e-05
0.3	0.1	0.5	0.3	0.1	0.5	0.12025	-0.603898	0.165485	-2.40636	0.040665	1.33352	-8.6e-05
0.3	0.0999998	0.5	0.3	0.1	0.5	0.12025	-0.603898	0.165484	-2.40636	0.040665	1.33352	-8.6e-05
0.3	0.0999998	0.5	0.3	0.1	0.5	0.12025	-0.603898	0.165484	-2.40636	0.040665	1.33352	-8.6e-05
0.3	0.0999998	0.5	0.3	0.1	0.5	0.12025	-0.603897	0.165484	-2.40636	0.040665	1.33352	-8.6e-05
0.3	0.1	0.5	0.3	0.1	0.5	0.12025	-0.603897	0.165485	-2.40636	0.040665	1.33352	-8.6e-05
0.3	0.0999999	0.5	0.3	0.1	0.5	0.12025	-0.603897	0.165484	-2.40636	0.040665	1.33352	-8.6e-05
0.3	0.0999996	0.5	0.3	0.1	0.5	0.120249	-0.603897	0.165484	-2.40636	0.040665	1.33352	-8.6e-05
0.3	0.1	0.5	0.3	0.1	0.5	0.120249	-0.603897	0.165485	-2.40636	0.040665	1.33352	-8.6e-05
0.3	0.1	0.5	0.3	0.1	0.5	0.12025	-0.603898	0.165485	-2.40636	0.040665	1.33352	-8.6e-05
0.3	0.1	0.5	0.3	0.1	0.5	0.12025	-0.603898	0.165485	-2.40636	0.040665	1.33352	-8.6e-05
0.3	0.1	0.5	0.3	0.1	0.5	0.12025	-0.603898	0.165485	-2.40636	0.040665	1.33352	-8.6e-05
0.3	0.1	0.5	0.3	0.1	0.5	0.12025	-0.603898	0.165485	-2.40636	0.040665	1.33352	-8.6e-05
0.3	0.0999998	0.5	0.3	0.1	0.5	0.12025	-0.603898	0.165484	-2.40636	0.040665	1.33352	-8.6e-05
0.3	0.0999998	0.5	0.3	0.1	0.5	0.12025	-0.603898	0.165484	-2.40636	0.040665	1.33352	-8.6e-05
0.3	0.0999998	0.5	0.3	0.1	0.5	0.12025	-0.603898	0.165484	-2.40636	0.040665	1.33352	-8.6e-05
0.3	0.0999998	0.5	0.3	0.1	0.5	0.12025	-0.603897	0.165484	-2.40636	0.040665	1.33352	-8.6e-05
0.3	0.1	0.5	0.3	0.1	0.5	0.12025	-0.603897	0.165485	-2.40636	0.040665	1.33352	-8.6e-05
0.3	0.1	0.5	0.3	0.1	0.5	0.12025	-0.603897	0.165485	-2.40636	0.040665	1.33352	-8.6e-05
0.3	0.0999999	0.5	0.3	0.1	0.5	0.12025	-0.603897	0.165484	-2.40636	0.040665	1.33352	-8.6e-05
0.3	0.0999999	0.5	0.3	0.1	0.5	0.12025	-0.603897	0.165484	-2.40636	0.040665	1.33352	-8.6e-05
0.3	0.1	0.5	0.3	0.1	0.5	0.12025	-0.603898	0.165485	-2.40636	0.040665	1.33352	-8.6e-05
0.3	0.1	0.5	0.3	0.1	0.5	0.12025	-0.603898	0.165485	-2.40636	0.040665	1.33352	-8.6e-05
0.3	0.0999998	0.5	0.3	0.1	0.5	0.12025	-0.603898	0.165484	-2.40636	0.040665	1.33352	-8.6e-05
0.3	0.0999998	0.5	0.3	0.1	0.5	0.12025	-0.603898	0.165484	-2.40636	0.040665	1.33352	-8.6e-05
0.3	0.1	0.5	0.3	0.1	0.5	0.12025	-0.603898	0.165485	-2.40636	0.040665	1.33352	-8.6e-05
0.3	0.0999998	0.5	0.3	0.1	0.5	0.12025	-0.603898	0.165484	-2.40636	0.040665	1.33352	-8.6e-05
0.3	0.0999998	0.5	0.3	0.1	0.5	0.12025	-0.603897	0.165484	-2.40636	0.040665	1.33352	-8.6e-05
0.3	0.1	0.5	0.3	0.1	0.5	0.12025	-0.603897	0.165485	-2.40636	0.040665	1.33352	-8.6e-05
0.3	0.0999999	0.5	0.3	0.1	0.5	0.12025	-0.603897	0.165484	-2.40636	0.040665	1.33352	-8.6e-05
0.3	0.0999999	0.5	0.3	0.1	0.5	0.12025	-0.603897	0.165484	-2.40636	0.040665	1.33352	-8.6e-05
0.3	0.0999999	0.5	0.3	0.1	0.5	0.12025	-0.603897	0.165484	-2.40636	0.040665	1.33352	-8.6e-05
0.3	0.1	0.5	0.3	0.1	0.5	0.12025	-0.603898	0.165485	-2.40636	0.040665	1.33352	-8.6e-05
0.3	0.0999999	0.5	0.3	0.1	0.5	0.12025	-0.603898	0.165484	-2.40636	0.040665	1.33352	-8.6e-05
0.3	0.0999998	0.5	0.3	0.1	0.5	0.12025	-0.603898	0.165484	-2.40636	0.040665	1.33352	-8.6e-05
0.3	0.0999999	0.5	0.3	0.1	0.5	0.120249	-0.603898	0.165485	-2.40636	0.040665	1.33352	-8.6e-05
0.3	0.0999999	0.5	0.3	0.1	0.5	0.120249	-0.603898	0.165485	-2.40636	0.040665	1.33352	-8.6e-05
0.3	0.0999999	0.5	0.3	0.1	0.5	0.120249	-0.603897	0.165485	-2.40636	0.040665	1.33352	-8.6e-05
0.3	0.1	0.5	0.3	0.1	0.5	0.12025	-0.603897	0.165485	-2.40636	0.040665	1.33352	-8.6e-05
0.3	0.1	0.5	0.3	0.1	0.5	0.12025	-0.603897	0.165485	-2.40636	0.040665	1.33352	-8.6e-05
0.3	0.1	0.5	0.3	0.1	0.5	0.12025	-0.603897	0.165485	-2.40636	0.040665	1.33352	-8.6e-05
0.3	0.1	0.5	0.3	0.1	0.5	0.12025	-0.603897	0.165485	-2.40636	0.040665	1.33352	-8.6e-05
0.3	0.0999999	0.5	0.3	0.1	0.5	0.12025	-0.603898	0.165484	-2.40636	0.040665	1.33352	-8.6e-05
0.3	0.0999999	0.5	0.3	0.1	0.5	0.12025	-0.603898	0.165484	-2.40636	0.040665	1.33352	-8.6e-05
0.3	0.0999999	0.5	0.3	0.1	0.5	0.12025	-0.603898	0.165484	-2.40636	0.040665	1.33352	-8.6e-05
0.3	0.0999998	0.5	0.3	0.1	0.5	0.12025	-0.603898	0.165484	-2.40636	0.040665	1.33352	-8.6e-05
0.3	0.1	0.5	0.3	0.1	0.5	0.12025	-0.603898	0.165485	-2.40636	0.040665	1.33352	-8.6e-05
0.3	0.1	0.5	0.3	0.1	0.5	0.12025	-0.603898	0.165485	-2.40636	0.040665	1.33352	-8.6e-05
0.3	0.1	0.5	0.3	0.1	0.5	0.12025	-0.603897	0.165485	-2.40636	0.040665	1.33352	-8.6e-05
0.3	0.0999999	0.5	0.3	0.1	0.5	0.12025	-0.603897	0.165484	-2.40636	0.040665	1.33352	-8.6e-05
0.3	0.0999999	0.5	0.3	0.1	0.5	0.12025	-0.603897	0.165484	-2.40636	0.040665	1.33352	-8.6e-05
0.3	0.0999999	0.5	0.3	0.1	0.5	0.12025	-0.603897	0.165484	-2.40636	0.040665	1.33352	-8.6e-05
0.3	0.1	0.5	0.3	0.1	0.5	0.12025	-0.603897	0.165485	-2.40636	0.040665	1.33352	-8.6e-05
0.3	0.1	0.5	0.3	0.1	0.5	0.12025	-0.603898	0.165485	-2.40636	0.040665	1.33352	-8.6e-05
0.3	0.0999999	0.5	0.3	0.1	0.5	0.12025	-0.603898	0.165484	-2.40636	0.040665	1.33352	-8.6e-05
0.3	0.0999998	0.5	0.3	0.1	0.5	0.12025	-0.603898	0.165484	-2.40636	0.040665	1.33352	-8.6e-05
0.3	0.1	0.5	0.3	0.1	0.5	0.12025	-0.603898	0.165485	-2.40636	0.040665	1.33352	-8.6e-05
0.3	0.1	0.5	0.3	0.1	0.5	0.12025	-0.603898	0.165485	-2.40636	0.040665	1.33352	-8.6e-05
0.3	0.0999998	0.5	0.3	0.1	0.5	0.12025	-0.603898	0.165484	-2.40636	0.040665	1.33352	-8.6e-05
0.3	0.0999998	0.5	0.3	0.1	0.5	0.12025	-0.603897	0.165484	-2.40636	0.040665	1.33352	-8.6e-05
0.3	0.1	0.5	0.3	0.1	0.5	0.12025	-0.603897	0.165485	-2.40636	0.040665	1.33352	-8.6e-05
0.3	0.1	0.5	0.3	0.1	0.5	0.12025	-0.603897	0.165485	-2.40636	0.040665	1.33352	-8.6e-05
0.3	0.0999999	0.5	0.3	0.1	0.5	0.12025	-0.603897	0.165484	-2.40636	0.040665	1.33352	-8.6e-05
0.3	0.0999999	0.5	0.3	0.1	0.5	0.12025	-0.603897	0.165484	-2.40636	0.040665	1.33352	-8.6e-05
0.3	0.1	0.5	0.3	0.1	0.5	0.12025	-0.603898	0.165485	-2.40636	0.040665	1.33352	-8.6e-05
0.3	0.0999999	0.5	0.3	0.1	0.5	0.12025	-0.603898	0.165484	-2.40636	0.040665	1.33352	-8.6e-05
0.3	0.0999998	0.5	0.3	0.1	0.5	0.12025	-0.603898	0.165484	-2.40636	0.040665	1.33352	-8.6e-05
0.3	0.1	0.5	0.3	0.1	0.5	0.12025	-0.603898	0.165485	-2.40636	0.040665	1.33352	-8.6e-05
0.3	0.1	0.5	0.3	0.1	0.5	0.12025	-0.603898	0.165485	-2.40636	0.040665	1.33352	-8.6e-05
0.3	0.0999998	0.5	0.3	0.1	0.5	0.12025	-0.603898	0.165484	-2.40636	0.040665	1.33352	-8.6e-05
0.3	0.0999998	0.5	0.3	0.1	0.5	0.12025	-0.603897	0.165484	-2.40636	0.040665	1.33352	-8.6e-05
0.3	0.1	0.5	0.3	0.1	0.5	0.12025	-0.603897	0.165485	-2.40636	0.040665	1.33352	-8.6e-05
0.3	0.1	0.5	0.3	0.1	0.5	0.12025	-0.603897	0.165485	-2.40636	0.040665	1.33352	-8.6e-05
0.3	0.0999999	0.5	0.3	0.1	0.5	0.12025	-0.603897	0.165484	-2.40636	0.040665	1.33352	-8.6e-05
0.3	0.0999999	0.5	0.3	0.1	0.5	0.12025	-0.603897	0.165484	-2.40636	0.040665	1.33352	-8.6e-05
0.3	0.0999999	0.5	0.3	0.1	0.5	0.12025	-0.603898	0.165484	-2.40636	0.040665	1.33352	-8.6e-05
0.3	0.1	0.5	0.3	0.1	0.5	0.12025	-0.603898	0.165485	-2.40636	0.040665	1.33352	-8.6e-05
0.3	0.0999998	0.5	0.3	0.1	0.5	0.12025	-0.603898	0.165484	-2.40636	0.040665	1.33352	-8.6e-05
0.3	0.0999998	0.5	0.3	0.1	0.5	0.12025	-0.603898	0.165484	-2.40636	0.040665	1.33352	-8.6e-05
0.3	0.1	0.5	0.3	0.1	0.5	0.12025	-0.603898	0.165485	-2.40636	0.040665	1.33352	-8.6e-05
0.3	0.1	0.5	0.3	0.1	0.5	0.12025	-0.603898	0.165485	-2.40636	0.040665	1.33352	-8.6e-05
0.3	0.0999998	0.5	0.3	0.1	0.5	0.12025	-0.603897	0.165484	-2.40636	0.040665	1.33352	-8.6e-05
0.3	0.0999999	0.5	0.3	0.1	0.5	0.12025	-0.603897	0.165484	-2.40636	0.040665	1.33352	-8.6e-05
0.3	0.1	0.5	0.3	0.1	0.5	0.12025	-0.603897	0.165485	-2.40636	0.040665	1.33352	-8.6e-05
0.3	0.1	0.5	0.3	0.1	0.5	0.12025	-0.603897	0.165485	-2.40636	0.040665	1.33352	-8.6e-05
0.3	0.0999996	0.5	0.3	0.1	0.5	0.120249	-0.603897	0.165484	-2.40636	0.040665	1.33352	-8.6e-05
0.3	0.0999999	0.5	0.3	0.1	0.5	0.120249	-0.603898	0.165485	-2.40636	0.040665	1.33352	-8.6e-05
0.3	0.0999999	0.5	0.3	0.1	0.5	0.120249	-0.603898	0.165485	-2.40636	0.040665	1.33352	-8.6e-05
0.3	0.1	0.5	0.3	0.1	0.5	0.12025	-0.603898	0.165485	-2.40636	0.040665	1.33352	-8.6e-05
0.3	0.1	0.5	0.3	0.1	0.5	0.12025	-0.603898	0.165485	-2.40636	0.040665	1.33352	-8.6e-05
0.3	0.1	0.5	0.3	0.1	0.5	0.12025	-0.603898	0.165485	-2.40636	0.040665	1.33352	-8.6e-05
0.3	0.0999998	0.5	0.3	0.1	0.5	0.12025	-0.603898	0.165484	-2.40636	0.040665	1.33352	-8.6e-05
0.3	0.0999998	0.5	0.3	0.1	0.5	0.12025	-0.603898	0.165484	-2.40636	0.040665	1.33352	-8.6e-05
0.3	0.0999998	0.5	0.3	0.1	0.5	0.12025	-0.603897	0.165484	-2.40636	0.040665	1.33352	-8.6e-05
0.3	0.0999999	0.5	0.3	0.1	0.5	0.12025	-0.603897	0.165484	-2.40636	0.040665	1.33352	-8.6e-05
0.3	0.0999999	0.5	0.3	0.1	0.5	0.12025	-0.603897	0.165484	-2.40636	0.040665	1.33352	-8.6e-05
0.3	0.1	0.5	0.3	0.1	0.5	0.12025	-0.603897	0.165485	-2.40636	0.040665	1.33352	-8.6e-05
0.3	0.1	0.5	0.3	0.1	0.5	0.12025	-0.603897	0.165485	-2.40636	0.040665	1.33352	-8.6e-05
0.3	0.0999999	0.5	0.3	0.1	0.5	0.12025	-0.603898	0.165484	-2.40636	0.040665	1.33352	-8.6e-05
0.3	0.0999999	0.5	0.3	0.1	0.5	0.12025	-0.603898	0.165484	-2.40636	0.040665	1.33352	-8.6e-05
0.3	0.0999998	0.5	0.3	0.1	0.5	0.12025	-0.603898	0.165484	-2.40636	0.040665	1.33352	-8.6e-05
0.3	0.1	0.5	0.3	0.1	0.5	0.12025	-0.603898	0.165485	-2.40636	0.040665	1.33352	-8.6e-05
0.3	0.0999998	0.5	0.3	0.1	0.5	0.12025	-0.603898	0.165484	-2.40636	0.040665	1.33352	-8.6e-05
0.3	0.0999998	0.5	0.3	0.1	0.5	0.12025	-0.603898	0.165484	-2.40636	0.040665	1.33352	-8.6e-05
0.3	0.1	0.5	0.3	0.1	0.5	0.12025	-0.603897	0.165485	-2.40636	0.040665	1.33352	-8.6e-05
0.3	0.1	0.5	0.3	0.1	0.5	0.12025	-0.603897	0.165485	-2.40636	0.040665	1.33352	-8.6e-05
0.3	0.0999996	0.5	0.3	0.1	0.5	0.120249	-0.603897	0.165484	-2.40636	0.040665	1.33352	-8.6e-05
0.3	0.1	0.5	0.3	0.1	0.5	0.12025	-0.603897	0.165485	-2.40636	0.040665	1.33352	-8.6e-05
0.3	0.1	0.5	0.3	0.1	0.5	0.12025	-0.603897	0.165485	-2.40636	0.040665	1.33352	-8.6e-05
0.3	0.1	0.5	0.3	0.1	0.5	0.12025	-0.603898	0.165485	-2.40636	0.040665	1.33352	-8.6e-05
0.3	0.0999999	0.5	0.3	0.1	0.5	0.12025	-0.603898	0.165484	-2.40636	0.040665	1.33352	-8.6e-05
0.3	0.0999999	0.5	0.3	0.1	0.5	0.12025	-0.603898	0.165484	-2.40636	0.040665	1.33352	-8.6e-05
0.3	0.0999998	0.5	0.3	0.1	0.5	0.12025	-0.603898	0.165484	-2.40636	0.040665	1.33352	-8.6e-05
0.3	0.1	0.5	0.3	0.1	0.5	0.12025	-0.603898	0.165485	-2.40636	0.040665	1.33352	-8.6e-05
0.3	0.1	0.5	0.3	0.1	0.5	0.12025	-0.603898	0.165485	-2.40636	0.040665	1.33352	-8.6e-05
0.3	0.1	0.5	0.3	0.1	0.5	0.12025	-0.603898	0.165485	-2.40636	0.040665	1.33352	-8.6e-05
0.3	0.0999998	0.5	0.3	0.1	0.5	0.12025	-0.603897	0.165484	-2.40636	0.040665	1.33352	-8.6e-05
0.3	0.0999999	0.5	0.3	0.1	0.5	0.12025	-0.603897	0.165484	-2.40636	0.040665	1.33352	-8.6e-05
0.3	0.0999999	0.5	0.3	0.1	0.5	0.12025	-0.603897	0.165484	-2.40636	0.040665	1.33352	-8.6e-05
0.3	0.1	0.5	0.3	0.1	0.5	0.12025	-0.603897	0.165485	-2.40636	0.040665	1.33352	-8.6e-05
0.3	0.1	0.5	0.3	0.1	0.5	0.12025	-0.603897	0.165485	-2.40636	0.040665	1.33352	-8.6e-05
0.3	0.0999999	0.5	0.3	0.1	0.5	0.12025	-0.603897	0.165484	-2.40636	0.040665	1.33352	-8.6e-05
0.3	0.0999999	0.5	0.3	0.1	0.5	0.12025	-0.603898	0.165484	-2.40636	0.040665	1.33352	-8.6e-05
0.3	0.1	0.5	0.3	0.1	0.5	0.12025	-0.603898	0.165485	-2.40636	0.040665	1.33352	-8.6e-05
0.3	0.1	0.5	0.3	0.1	0.5	0.12025	-0.603898	0.165485	-2.40636	0.040665	1.33352	-8.6e-05
0.3	0.0999998	0.5	0.3	0.1	0.5	0.12025	-0.603898	0.165484	-2.40636	0.040665	1.33352	-8.6e-05
0.3	0.0999998	0.5	0.3	0.1	0.5	0.12025	-0.603898	0.165484	-2.40636	0.040665	1.33352	-8.6e-05
0.3	0.0999998	0.5	0.3	0.1	0.5	0.12025	-0.603897	0.165484	-2.40636	0.040665	1.33352	-8.6e-05
0.3	0.1	0.5	0.3	0.1	0.5	0.12025	-0.603897	0.165485	-2.40636	0.040665	1.33352	-8.6e-05
0.3	0.0999996	0.5	0.3	0.1	0.5	0.120249	-0.603897	0.165484	-2.40636	0.040665	1.33352	-8.6e-05
0.3	0.0999996	0.5	0.3	0.1	0.5	0.120249	-0.603897	0.165484	-2.40636	0.040665	1.33352	-8.6e-05
0.3	0.0999996	0.5	0.3	0.1	0.5	0.120249	-0.603897	0.165484	-2.40636	0.040665	1.33352	-8.6e-05
0.3	0.1	0.5	0.3	0.1	0.5	0.120249	-0.603897	0.165485	-2.40636	0.040665	1.33352	-8.6e-05
0.3	0.1	0.5	0.3	0.1	0.5	0.12025	-0.603898	0.165485	-2.40636	0.040665	1.33352	-8.6e-05
0.3	0.1	0.5	0.3	0.1	0.5	0.12025	-0.603898	0.165485	-2.40636	0.040665	1.33352	-8.6e-05
0.3	0.0999998	0.5	0.3	0.1	0.5	0.12025	-0.603898	0.165484	-2.40636	0.040665	1.33352	-8.6e-05
0.3	0.0999998	0.5	0.3	0.1	0.5	0.12025	-0.603898	0.165484	-2.40636	0.040665	1.33352	-8.6e-05
0.3	0.0999998	0.5	0.3	0.1	0.5	0.12025	-0.603898	0.165484	-2.40636	0.040665	1.33352	-8.6e-05
0.3	0.0999998	0.5	0.3	0.1	0.5	0.12025	-0.603898	0.165484	-2.40636	0.040665	1.33352	-8.6e-05
0.3	0.1	0.5	0.3	0.1	0.5	0.12025	-0.603897	0.165485	-2.40636	0.040665	1.33352	-8.6e-05
0.3	0.1	0.5	0.3	0.1	0.5	0.12025	-0.603897	0.165485	-2.40636	0.040665	1.33352	-8.6e-05
0.3	0.0999999	0.5	0.3	0.1	0.5	0.12025	-0.603897	0.165484	-2.40636	0.040665	1.33352	-8.6e-05
0.3	0.0999999	0.5	0.3	0.1	0.5	0.12025	-0.603897	0.165484	-2.40636	0.040665	1.33352	-8.6e-05
0.3	0.0999999	0.5	0.3	0.1	0.5	0.12025	-0.603897	0.165484	-2.40636	0.040665	1.33352	-8.6e-05
0.3	0.1	0.5	0.3	0.1	0.5	0.12025	-0.603898	0.165485	-2.40636	0.040665	1.33352	-8.6e-05
0.3	0.1	0.5	0.3	0.1	0.5	0.12025	-0.603898	0.165485	-2.40636	0.040665	1.33352	-8.6e-05
0.3	0.0999999	0.5	0.3	0.1	0.5	0.12025	-0.603898	0.165484	-2.40636	0.040665	1.33352	-8.6e-05
0.3	0.0999998	0.5	0.3	0.1	0.5	0.12025	-0.603898	0.165484	-2.40636	0.040665	1.33352	-8.6e-05
0.3	0.1	0.5	0.3	0.1	0.5	0.12025	-0.603898	0.165485	-2.40636	0.040665	1.33352	-8.6e-05
0.3	0.1	0.5	0.3	0.1	0.5	0.12025	-0.603898	0.165485	-2.40636	0.040665	1.33352	-8.6e-05
0.3	0.0999998	0.5	0.3	0.1	0.5	0.12025	-0.603898	0.165484	-2.40636	0.040665	1.33352	-8.6e-05
0.3	0.0999998	0.5	0.3	0.1	0.5	0.12025	-0.603897	0.165484	-2.40636	0.040665	1.33352	-8.6e-05
0.3	0.1	0.5	0.3	0.1	0.5	0.12025	-0.603897	0.165485	-2.40636	0.040665	1.33352	-8.6e-05
0.3	0.0999999	0.5	0.3	0.1	0.5	0.12025	-0.603897	0.165484	-2.40636	0.040665	1.33352	-8.6e-05
0.3	0.0999999	0.5	0.3	0.1	0.5	0.12025	-0.603897	0.165484	-2.40636	0.040665	1.33352	-8.6e-05
0.3	0.1	0.5	0.3	0.1	0.5	0.12025	-0.603897	0.165485	-2.40636	0.040665	1.33352	-8.6e-05
0.3	0.1	0.5	0.3	0.1	0.5	0.12025	-0.603897	0.165485	-2.40636	0.040665	1.33352	-8.6e-05
0.3	0.0999999	0.5	0.3	0.1	0.5	0.12025	-0.603898	0.165484	-2.40636	0.040665	1.33352	-8.6e-05
0.3	0.0999999	0.5	0.3	0.1	0.5	0.12025	-0.603898	0.165484	-2.40636	0.040665	1.33352	-8.6e-05
0.3	0.0999999	0.5	0.3	0.1	0.5	0.120249	-0.603898	0.165485	-2.40636	0.040665	1.33352	-8.6e-05
0.3	0.0999999	0.5	0.3	0.1	0.5	0.120249	-0.603898	0.165485	-2.40636	0.040665	1.33352	-8.6e-05
0.3	0.0999999	0.5	0.3	0.1	0.5	0.120249	-0.603898	0.165485	-2.40636	0.040665	1.33352	-8.6e-05
0.3	0.0999999	0.5	0.3	0.1	0.5	0.120249	-0.603898	0.165485	-2.40636	0.040665	1.33352	-8.6e-05
0.3	0.1	0.5	0.3	0.1	0.5	0.12025	-0.603897	0.165485	-2.40636	0.040665	1.33352	-8.6e-05
0.3	0.1	0.5	0.3	0.1	0.5	0.12025	-0.603897	0.165485	-2.40636	0.040665	1.33352	-8.6e-05
0.3	0.1	0.5	0.3	0.1	0.5	0.12025	-0.603897	0.165485	-2.40636	0.040665	1.33352	-8.6e-05
0.3	0.0999999	0.5	0.3	0.1	0.5	0.12025	-0.603897	0.165484	-2.40636	0.040665	1.33352	-8.6e-05
0.3	0.0999999	0.5	0.3	0.1	0.5	0.12025	-0.603897	0.165484	-2.40636	0.040665	1.33352	-8.6e-05
0.3	0.0999999	0.5	0.3	0.1	0.5	0.12025	-0.603898	0.165484	-2.40636	0.040665	1.33352	-8.6e-05
0.3	0.0999999	0.5	0.3	0.1	0.5	0.12025	-0.603898	0.165484	-2.40636	0.040665	1.33352	-8.6e-05
0.3	0.0999998	0.5	0.3	0.1	0.5	0.12025	-0.603898	0.165484	-2.40636	0.040665	1.33352	-8.6e-05
0.3	0.1	0.5	0.3	0.1	0.5	0.12025	-0.603898	0.165485	-2.40636	0.040665	1.33352	-8.6e-05
0.3	0.1	0.5	0.3	0.1	0.5	0.12025	-0.603898	0.165485	-2.40636	0.040665	1.33352	-8.6e-05
0.3	0.1	0.5	0.3	0.1	0.5	0.12025	-0.603897	0.165485	-2.40636	0.040665	1.33352	-8.6e-05
0.3	0.0999998	0.5	0.3	0.1	0.5	0.12025	-0.603897	0.165484	-2.40636	0.040665	1.33352	-8.6e-05
0.3	0.0999999	0.5	0.3	0.1	0.5	0.12025	-0.603897	0.165484	-2.40636	0.040665	1.33352	-8.6e-05
0.3	0.0999999	0.5	0.3	0.1	0.5	0.12025	-0.603897	0.165484	-2.40636	0.040665	1.33352	-8.6e-05
0.3	0.1	0.5	0.3	0.1	0.5	0.12025	-0.603897	0.165485	-2.40636	0.040665	1.33352	-8.6e-05
0.3	0.1	0.5	0.3	0.1	0.5	0.12025	-0.603898	0.165485	-2.40636	0.040665	1.33352	-8.6e-05
0.3	0.0999999	0.5	0.3	0.1	0.5	0.12025	-0.603898	0.165484	-2.40636	0.040665	1.33352	-8.6e-05
0.3	0.0999998	0.5	0.3	0.1	0.5	0.12025	-0.603898	0.165484	-2.40636	0.040665	1.33352	-8.6e-05
0.3	0.1	0.5	0.3	0.1	0.5	0.12025	-0.603898	0.165485	-2.40636	0.040665	1.33352	-8.6e-05
0.3	0.1	0.5	0.3	0.1	0.5	0.12025	-0.603898	0.165485	-2.40636	0.040665	1.33352	-8.6e-05
0.3	0.0999998	0.5	0.3	0.1	0.5	0.12025	-0.603898	0.165484	-2.40636	0.040665	1.33352	-8.6e-05
0.3	0.0999998	0.5	0.3	0.1	0.5	0.12025	-0.603897	0.165484	-2.40636	0.040665	1.33352	-8.6e-05
0.3	0.1	0.5	0.3	0.1	0.5	0.12025	-0.603897	0.165485	-2.40636	0.040665	1.33352	-8.6e-05
0.3	0.1	0.5	0.3	0.1	0.5	0.12025	-0.603897	0.165485	-2.40636	0.040665	1.33352	-8.6e-05
0.3	0.0999999	0.5	0.3	0.1	0.5	0.12025	-0.603897	0.165484	-2.40636	0.040665	1.33352	-8.6e-05
0.3	0.0999999	0.5	0.3	0.1	0.5	0.12025	-0.603897	0.165484	-2.40636	0.040665	1.33352	-8.6e-05
0.3	0.1	0.5	0.3	0.1	0.5	0.12025	-0.603898	0.165485	-2.40636	0.040665	1.33352	-8.6e-05
0.3	0.1	0.5	0.3	0.1	0.5	0.12025	-0.603898	0.165485	-2.40636	0.040665	1.33352	-8.6e-05
0.3	0.0999998	0.5	0.3	0.1	0.5	0.12025	-0.603898	0.165484	-2.40636	0.040665	1.33352	-8.6e-05
0.3	0.0999998	0.5	0.3	0.1	0.5	0.12025	-0.603898	0.165484	-2.40636	0.040665	1.33352	-8.6e-05
0.3	0.1	0.5	0.3	0.1	0.5	0.12025	-0.603898	0.165485	-2.40636	0.040665	1.33352	-8.6e-05
0.3	0.0999998	0.5	0.3	0.1	0.5	0.12025	-0.603897	0.165484	-2.40636	0.040665	1.33352	-8.6e-05
0.3	0.0999998	0.5	0.3	0.1	0.5	0.12025	-0.603897	0.165484	-2.40636	0.040665	1.33352	-8.6e-05
0.3	0.0999999	0.5	0.3	0.1	0.5	0.12025	-0.603897	0.165484	-2.40636	0.040665	1.33352	-8.6e-05
0.3	0.0999999	0.5	0.3	0.1	0.5	0.12025	-0.603897	0.165484	-2.40636	0.040665	1.33352	-8.6e-05
0.3	0.1	0.5	0.3	0.1	0.5	0.12025	-0.603897	0.165485	-2.40636	0.040665	1.33352	-8.6e-05
0.3	0.1	0.5	0.3	0.1	0.5	0.12025	-0.603897	0.165485	-2.40636	0.040665	1.33352	-8.6e-05
0.3	0.0999999	0.5	0.3	0.1	0.5	0.12025	-0.603898	0.165484	-2.40636	0.040665	1.33352	-8.6e-05
0.3	0.0999999	0.5	0.3	0.1	0.5	0.12025	-0.603898	0.165484	-2.40636	0.040665	1.33352	-8.6e-05
0.3	0.1	0.5	0.3	0.1	0.5	0.12025	-0.603898	0.165485	-2.40636	0.040665	1.33352	-8.6e-05
0.3	0.1	0.5	0.3	0.1	0.5	0.12025	-0.603898	0.165485	-2.40636	0.040665	1.33352	-8.6e-05
0.3	0.0999998	0.5	0.3	0.1	0.5	0.12025	-0.603898	0.165484	-2.40636	0.040665	1.33352	-8.6e-05
0.3	0.1	0.5	0.3	0.1	0.5	0.12025	-0.603897	0.165485	-2.40636	0.040665	1.33352	-8.6e-05
0.3	0.1	0.5	0.3	0.1	0.5	0.12025	-0.603897	0.165485	-2.40636	0.040665	1.33352	-8.6e-05
0.3	0.0999999	0.5	0.3	0.1	0.5	0.12025	-0.603897	0.165484	-2.40636	0.040665	1.33352	-8.6e-05
0.3	0.0999999	0.5	0.3	0.1	0.5	0.12025	-0.603897	0.165484	-2.40636	0.040665	1.33352	-8.6e-05
0.3	0.1	0.5	0.3	0.1	0.5	0.12025	-0.603897	0.165485	-2.40636	0.040665	1.33352	-8.6e-05
0.3	0.0999999	0.5	0.3	0.1	0.5	0.12025	-0.603898	0.165484	-2.40636	0.040665	1.33352	-8.6e-05
0.3	0.0999999	0.5	0.3	0.1	0.5	0.12025	-0.603898	0.165484	-2.40636	0.040665	1.33352	-8.6e-05
0.3	0.1	0.5	0.3	0.1	0.5	0.12025	-0.603898	0.165485	-2.40636	0.040665	1.33352	-8.6e-05
0.3	0.1	0.5	0.3	0.1	0.5	0.12025	-0.603898	0.165485	-2.40636	0.040665	1.33352	-8.6e-05
0.3	0.0999998	0.5	0.3	0.1	0.5	0.12025	-0.603898	0.165484	-2.40636	0.040665	1.33352	-8.6e-05
0.3	0.0999995	0.5	0.3	0.1	0.5	0.120249	-0.603898	0.165484	-2.40636	0.040665	1.33352	-8.6e-05
0.3	0.0999999	0.5	0.3	0.1	0.5	0.120249	-0.603897	0.165485	-2.40636	0.040665	1.33352	-8.6e-05
0.3	0.1	0.5	0.3	0.1	0.5	0.120249	-0.603897	0.165485	-2.40636	0.040665	1.33352	-8.6e-05
0.3	0.1	0.5	0.3	0.1	0.5	0.120249	-0.603897	0.165485	-2.40636	0.040665	1.33352	-8.6e-05
0.3	0.1	0.5	0.3	0.1	0.5	0.120249	-0.603897	0.165485	-2.40636	0.040665	1.33352	-8.6e-05
0.3	0.1	0.5	0.3	0.1	0.5	0.12025	-0.603897	0.165485	-2.40636	0.040665	1.33352	-8.6e-05
0.3	0.1	0.5	0.3	0.1	0.5	0.12025	-0.603898	0.165485	-2.40636	0.040665	1.33352	-8.6e-05
0.3	0.1	0.5	0.3	0.1	0.5	0.12025	-0.603898	0.165485	-2.40636	0.040665	1.33352	-8.6e-05
0.3	0.1	0.5	0.3	0.1	0.5	0.12025	-0.603898	0.165485	-2.40636	0.040665	1.33352	-8.6e-05
0.3	0.1	0.5	0.3	0.1	0.5	0.12025	-0.603898	0.165485	-2.40636	0.040665	1.33352	-8.6e-05
0.3	0.0999998	0.5	0.3	0.1	0.5	0.12025	-0.603898	0.165484	-2.40636	0.040665	1.33352	-8.6e-05
